1	10
1	11
1	38
1	42
1	66
1	87
1	96
1	100
1	107
1	110
1	145
1	179
1	199
1	204
1	206
1	210
1	233
1	238
1	252
1	258
1	260
1	287
1	289
1	295
2	16
2	33
2	58
2	61
2	64
2	74
2	76
2	78
2	79
2	84
2	86
2	87
2	88
2	89
2	90
2	95
2	97
2	102
2	113
2	118
2	119
2	126
2	130
2	134
2	157
2	162
2	177
2	197
2	198
2	215
2	222
2	224
2	251
2	253
2	259
2	276
2	282
2	285
2	288
3	4
3	22
3	25
3	28
3	37
3	44
3	46
3	52
3	53
3	54
3	70
3	85
3	93
3	106
3	115
3	116
3	123
3	131
3	143
3	148
3	183
3	190
3	202
3	211
3	217
3	220
3	227
3	233
3	235
3	236
3	241
3	243
3	244
3	245
3	250
3	273
3	277
3	298
4	3
4	10
4	29
4	39
4	51
4	75
4	82
4	83
4	92
4	94
4	103
4	132
4	138
4	145
4	146
4	147
4	155
4	159
4	160
4	164
4	173
4	187
4	192
4	196
4	200
4	207
4	208
4	216
4	219
4	221
4	223
4	226
4	229
4	249
4	261
4	268
4	269
4	271
4	275
4	278
4	290
4	292
4	294
5	6
5	7
5	11
5	14
5	23
5	41
5	53
5	68
5	122
5	136
5	157
5	178
5	179
5	195
5	201
5	209
5	230
5	252
5	296
6	5
6	11
6	13
6	15
6	20
6	24
6	30
6	32
6	38
6	39
6	41
6	42
6	62
6	65
6	66
6	73
6	80
6	100
6	105
6	121
6	122
6	136
6	145
6	151
6	153
6	154
6	157
6	165
6	194
6	209
6	210
6	213
6	230
6	231
6	242
6	252
6	292
6	293
6	296
7	5
7	11
7	13
7	14
7	17
7	20
7	24
7	30
7	32
7	34
7	36
7	38
7	42
7	43
7	45
7	50
7	51
7	57
7	62
7	65
7	66
7	68
7	84
7	98
7	104
7	114
7	120
7	121
7	122
7	124
7	129
7	136
7	151
7	152
7	153
7	157
7	163
7	165
7	166
7	167
7	168
7	171
7	174
7	176
7	179
7	180
7	195
7	199
7	201
7	204
7	231
7	232
7	242
7	248
7	255
7	258
7	267
7	272
7	289
7	293
8	20
8	30
8	31
8	38
8	41
8	73
8	96
8	98
8	99
8	101
8	121
8	152
8	165
8	168
8	179
8	184
8	199
8	214
8	230
8	258
8	260
8	272
8	295
8	296
8	300
9	22
9	37
9	44
9	52
9	77
9	85
9	115
9	136
9	143
9	183
9	202
9	211
9	217
9	220
9	233
9	244
9	273
10	1
10	4
10	39
10	48
10	51
10	75
10	76
10	82
10	92
10	94
10	117
10	128
10	132
10	138
10	147
10	150
10	155
10	156
10	158
10	159
10	160
10	161
10	164
10	173
10	192
10	196
10	200
10	207
10	208
10	216
10	218
10	219
10	221
10	223
10	229
10	249
10	261
10	271
10	275
10	278
10	279
10	290
10	294
10	299
11	1
11	5
11	6
11	7
11	12
11	23
11	24
11	30
11	36
11	42
11	43
11	53
11	65
11	66
11	71
11	99
11	104
11	109
11	114
11	120
11	121
11	122
11	136
11	145
11	151
11	153
11	157
11	162
11	163
11	166
11	167
11	168
11	169
11	172
11	174
11	176
11	178
11	179
11	184
11	195
11	199
11	201
11	206
11	209
11	210
11	228
11	230
11	231
11	232
11	248
11	267
11	272
11	273
11	280
11	281
11	287
11	289
11	300
12	11
12	14
12	24
12	36
12	40
12	41
12	43
12	47
12	50
12	59
12	62
12	99
12	120
12	121
12	167
12	169
12	171
12	178
12	179
12	201
12	204
12	230
12	238
12	248
12	295
13	6
13	7
13	24
13	36
13	62
13	66
13	68
13	101
13	104
13	107
13	111
13	114
13	121
13	168
13	199
13	204
13	206
13	213
13	230
13	232
13	246
13	281
13	293
13	295
13	296
14	5
14	7
14	12
14	20
14	26
14	30
14	34
14	40
14	41
14	53
14	66
14	68
14	73
14	80
14	99
14	101
14	104
14	111
14	114
14	120
14	121
14	122
14	124
14	127
14	135
14	136
14	139
14	152
14	153
14	163
14	165
14	167
14	168
14	169
14	171
14	172
14	176
14	181
14	204
14	209
14	210
14	230
14	231
14	238
14	245
14	265
14	267
14	274
14	280
14	287
14	289
14	296
14	297
14	300
15	6
15	24
15	30
15	36
15	58
15	66
15	73
15	96
15	103
15	110
15	120
15	121
15	171
15	172
15	176
15	179
15	281
15	293
16	2
16	18
16	27
16	33
16	45
16	47
16	56
16	58
16	64
16	67
16	69
16	71
16	73
16	81
16	86
16	88
16	89
16	95
16	97
16	113
16	118
16	126
16	130
16	134
16	135
16	140
16	144
16	177
16	186
16	191
16	197
16	214
16	215
16	219
16	225
16	237
16	246
16	253
16	254
16	257
16	259
16	264
16	276
16	282
16	285
17	7
17	29
17	39
17	92
17	94
17	155
17	159
17	164
17	187
17	196
17	203
17	207
17	219
17	229
17	261
17	271
17	290
17	299
18	16
18	55
18	63
18	78
18	86
18	88
18	89
18	97
18	109
18	134
18	142
18	163
18	177
18	186
18	214
18	285
18	288
18	291
18	297
19	20
19	24
19	42
19	50
19	62
19	65
19	73
19	80
19	92
19	107
19	153
19	154
19	167
19	169
19	171
19	174
19	194
19	195
19	209
19	210
19	213
19	232
19	242
19	281
19	296
20	6
20	7
20	8
20	14
20	19
20	24
20	26
20	36
20	38
20	40
20	42
20	43
20	50
20	53
20	57
20	62
20	66
20	68
20	73
20	80
20	82
20	96
20	100
20	104
20	105
20	110
20	111
20	120
20	121
20	122
20	124
20	153
20	162
20	163
20	165
20	168
20	176
20	179
20	195
20	199
20	201
20	203
20	206
20	209
20	213
20	231
20	238
20	252
20	281
20	296
20	297
21	47
21	58
21	63
21	69
21	71
21	72
21	81
21	84
21	109
21	130
21	135
21	175
21	177
21	186
21	198
21	215
21	222
21	234
21	246
21	253
21	259
21	264
21	281
21	288
21	297
22	3
22	9
22	25
22	28
22	37
22	44
22	46
22	54
22	68
22	70
22	77
22	85
22	115
22	116
22	148
22	183
22	190
22	202
22	211
22	220
22	227
22	236
22	250
22	263
22	268
22	273
22	277
22	298
23	5
23	11
23	32
23	53
23	73
23	104
23	110
23	168
23	184
23	189
23	195
23	201
23	230
23	242
23	252
23	255
23	281
23	300
24	6
24	7
24	11
24	12
24	13
24	15
24	19
24	20
24	30
24	36
24	41
24	43
24	50
24	57
24	65
24	66
24	68
24	85
24	100
24	104
24	107
24	120
24	121
24	124
24	127
24	129
24	136
24	152
24	165
24	167
24	168
24	176
24	181
24	195
24	199
24	201
24	210
24	228
24	230
24	238
24	253
24	255
24	258
24	267
24	272
24	274
24	287
24	295
24	296
24	300
25	3
25	22
25	28
25	37
25	46
25	52
25	54
25	56
25	60
25	63
25	70
25	77
25	85
25	93
25	106
25	115
25	116
25	123
25	190
25	202
25	211
25	217
25	220
25	233
25	235
25	243
25	250
25	263
25	273
25	277
26	14
26	20
26	30
26	32
26	34
26	36
26	43
26	53
26	65
26	66
26	68
26	73
26	80
26	103
26	124
26	139
26	157
26	169
26	189
26	194
26	271
26	281
27	16
27	47
27	59
27	64
27	69
27	71
27	74
27	76
27	78
27	81
27	87
27	89
27	109
27	113
27	130
27	134
27	164
27	177
27	182
27	212
27	214
27	215
27	241
27	247
27	253
27	257
27	259
27	285
27	288
28	3
28	22
28	25
28	37
28	44
28	46
28	52
28	97
28	106
28	116
28	123
28	131
28	143
28	190
28	217
28	220
28	227
28	233
28	235
28	236
28	243
28	245
28	250
28	273
28	298
29	4
29	17
29	51
29	77
29	83
29	92
29	94
29	141
29	147
29	149
29	150
29	159
29	164
29	173
29	187
29	196
29	200
29	203
29	207
29	218
29	219
29	221
29	229
29	256
29	268
29	269
29	271
29	278
29	279
29	290
30	6
30	7
30	8
30	11
30	14
30	15
30	24
30	26
30	32
30	36
30	38
30	41
30	43
30	66
30	68
30	96
30	101
30	104
30	105
30	107
30	111
30	120
30	122
30	136
30	139
30	151
30	152
30	153
30	155
30	157
30	163
30	167
30	168
30	169
30	171
30	172
30	178
30	184
30	189
30	194
30	206
30	209
30	230
30	231
30	238
30	244
30	252
30	255
30	258
30	260
30	267
30	274
30	280
30	281
30	284
30	293
30	295
30	296
31	8
31	32
31	38
31	66
31	73
31	96
31	99
31	120
31	170
31	181
31	184
31	230
31	265
31	267
31	274
31	280
31	300
32	6
32	7
32	23
32	26
32	30
32	31
32	40
32	43
32	62
32	114
32	122
32	136
32	153
32	162
32	178
32	195
32	237
32	260
32	295
33	2
33	16
33	63
33	69
33	80
33	84
33	88
33	102
33	113
33	118
33	130
33	186
33	214
33	253
33	254
33	259
33	264
33	276
33	282
33	283
33	286
34	7
34	14
34	26
34	53
34	66
34	68
34	73
34	99
34	100
34	103
34	105
34	114
34	121
34	122
34	151
34	152
34	157
34	171
34	176
34	182
34	194
34	205
34	231
34	232
34	248
34	287
35	39
35	43
35	82
35	83
35	94
35	137
35	141
35	146
35	155
35	159
35	164
35	187
35	196
35	216
35	229
35	269
35	271
35	292
36	7
36	11
36	12
36	13
36	15
36	20
36	24
36	26
36	30
36	45
36	50
36	53
36	57
36	68
36	73
36	92
36	96
36	100
36	103
36	104
36	107
36	110
36	122
36	125
36	127
36	129
36	136
36	151
36	165
36	168
36	176
36	201
36	205
36	210
36	228
36	230
36	232
36	267
36	272
36	281
36	293
36	300
37	3
37	9
37	22
37	25
37	28
37	44
37	52
37	54
37	60
37	66
37	77
37	86
37	93
37	106
37	116
37	143
37	148
37	183
37	190
37	202
37	211
37	217
37	220
37	227
37	233
37	235
37	236
37	241
37	263
37	273
38	1
38	6
38	7
38	8
38	20
38	30
38	31
38	43
38	53
38	66
38	80
38	96
38	104
38	114
38	166
38	176
38	209
38	210
38	229
38	242
38	252
38	265
38	274
39	4
39	6
39	10
39	17
39	35
39	48
39	51
39	75
39	82
39	83
39	94
39	108
39	117
39	128
39	133
39	137
39	138
39	146
39	147
39	155
39	159
39	161
39	180
39	187
39	192
39	196
39	200
39	203
39	216
39	218
39	219
39	221
39	226
39	229
39	249
39	254
39	262
39	268
39	269
39	271
39	275
39	279
39	290
39	292
39	299
40	12
40	14
40	20
40	32
40	43
40	66
40	73
40	100
40	103
40	107
40	114
40	120
40	121
40	122
40	128
40	154
40	178
40	228
40	230
40	267
40	287
41	5
41	6
41	8
41	12
41	14
41	24
41	30
41	43
41	62
41	68
41	73
41	76
41	104
41	127
41	129
41	133
41	139
41	157
41	176
41	181
41	184
41	194
41	228
41	232
41	252
41	267
41	274
41	281
41	296
42	1
42	6
42	7
42	11
42	19
42	20
42	43
42	66
42	130
42	139
42	168
42	184
42	201
42	205
42	209
42	210
42	267
43	7
43	11
43	12
43	20
43	24
43	26
43	30
43	32
43	35
43	38
43	40
43	41
43	42
43	50
43	56
43	68
43	73
43	99
43	100
43	101
43	103
43	104
43	110
43	111
43	114
43	120
43	127
43	129
43	136
43	145
43	151
43	152
43	153
43	154
43	162
43	166
43	167
43	168
43	172
43	174
43	178
43	179
43	184
43	194
43	195
43	197
43	205
43	206
43	209
43	228
43	230
43	231
43	238
43	248
43	252
43	255
43	267
43	274
43	296
43	300
44	3
44	9
44	22
44	28
44	37
44	54
44	66
44	70
44	77
44	85
44	93
44	106
44	115
44	123
44	143
44	202
44	211
44	220
44	233
44	235
44	236
44	241
44	243
44	245
44	263
44	273
44	298
45	7
45	16
45	36
45	53
45	66
45	96
45	100
45	121
45	122
45	124
45	162
45	168
45	171
45	176
45	194
45	201
45	206
45	267
45	293
45	296
46	3
46	22
46	25
46	28
46	52
46	54
46	77
46	93
46	106
46	115
46	116
46	120
46	123
46	143
46	148
46	183
46	190
46	202
46	211
46	217
46	220
46	227
46	233
46	235
46	236
46	241
46	243
46	244
46	245
46	263
46	273
46	277
46	298
47	12
47	16
47	21
47	27
47	56
47	64
47	72
47	78
47	86
47	91
47	118
47	119
47	175
47	177
47	186
47	215
47	222
47	254
47	259
47	285
47	297
48	10
48	39
48	51
48	94
48	108
48	117
48	128
48	132
48	133
48	155
48	158
48	159
48	164
48	207
48	221
48	223
48	229
48	254
48	268
48	269
48	271
49	58
49	59
49	61
49	71
49	74
49	95
49	122
49	130
49	156
49	188
49	212
49	239
49	251
49	253
49	259
49	266
49	285
50	7
50	12
50	19
50	20
50	24
50	36
50	43
50	99
50	101
50	110
50	122
50	124
50	136
50	139
50	149
50	152
50	165
50	168
50	176
50	189
50	210
50	213
50	260
50	267
50	274
50	293
51	4
51	7
51	10
51	29
51	39
51	48
51	83
51	87
51	92
51	94
51	108
51	117
51	128
51	132
51	133
51	137
51	138
51	141
51	146
51	147
51	149
51	150
51	155
51	158
51	159
51	160
51	161
51	164
51	169
51	173
51	187
51	192
51	196
51	200
51	203
51	208
51	216
51	218
51	219
51	221
51	223
51	226
51	229
51	249
51	261
51	262
51	268
51	269
51	271
51	279
51	290
51	294
51	299
52	3
52	9
52	25
52	28
52	37
52	46
52	60
52	68
52	106
52	116
52	123
52	131
52	143
52	148
52	190
52	202
52	220
52	233
52	235
52	236
52	241
52	243
52	250
52	259
52	263
52	277
53	3
53	5
53	11
53	14
53	20
53	23
53	26
53	34
53	36
53	38
53	45
53	65
53	101
53	104
53	120
53	121
53	124
53	153
53	162
53	166
53	169
53	172
53	201
53	204
53	208
53	210
53	230
53	238
53	242
53	248
53	267
53	293
54	3
54	22
54	25
54	37
54	44
54	46
54	60
54	93
54	116
54	120
54	123
54	131
54	220
54	227
54	233
54	235
54	244
54	250
54	273
55	18
55	56
55	59
55	74
55	81
55	97
55	112
55	113
55	118
55	121
55	125
55	140
55	193
55	215
55	251
55	285
55	297
56	16
56	25
56	43
56	47
56	55
56	61
56	63
56	71
56	72
56	74
56	76
56	78
56	79
56	87
56	88
56	91
56	95
56	102
56	109
56	112
56	125
56	126
56	130
56	134
56	135
56	140
56	142
56	177
56	182
56	185
56	191
56	197
56	214
56	215
56	240
56	246
56	251
56	253
56	256
56	259
56	266
56	286
56	288
56	291
56	297
57	7
57	20
57	24
57	36
57	65
57	68
57	121
57	122
57	162
57	163
57	172
57	176
57	184
57	210
57	238
57	255
57	266
57	293
57	300
58	2
58	15
58	16
58	21
58	49
58	59
58	61
58	63
58	64
58	67
58	69
58	71
58	72
58	74
58	76
58	78
58	84
58	86
58	87
58	88
58	89
58	90
58	91
58	112
58	113
58	119
58	125
58	130
58	140
58	142
58	156
58	170
58	182
58	186
58	191
58	193
58	198
58	212
58	214
58	222
58	224
58	226
58	239
58	240
58	247
58	253
58	254
58	276
58	282
58	283
58	285
58	288
59	12
59	27
59	49
59	55
59	58
59	63
59	64
59	69
59	74
59	81
59	84
59	88
59	89
59	97
59	112
59	134
59	140
59	170
59	186
59	191
59	193
59	197
59	212
59	213
59	214
59	215
59	222
59	237
59	239
59	240
59	246
59	251
59	254
59	256
59	259
59	270
59	282
59	283
59	285
59	288
59	291
59	297
60	25
60	37
60	52
60	54
60	77
60	95
60	106
60	115
60	116
60	123
60	143
60	148
60	183
60	190
60	202
60	217
60	220
60	233
60	235
60	236
60	245
60	250
61	2
61	49
61	56
61	58
61	64
61	71
61	74
61	76
61	78
61	79
61	87
61	89
61	90
61	102
61	112
61	113
61	134
61	140
61	142
61	170
61	177
61	188
61	191
61	215
61	234
61	251
61	254
61	282
61	284
61	285
61	288
61	291
62	6
62	7
62	12
62	13
62	19
62	20
62	32
62	41
62	80
62	103
62	116
62	120
62	121
62	122
62	145
62	153
62	168
62	171
62	178
62	195
62	201
62	204
62	210
62	230
62	231
62	255
62	258
63	18
63	21
63	25
63	33
63	56
63	58
63	59
63	64
63	67
63	90
63	130
63	134
63	188
63	214
63	225
63	253
63	257
63	276
63	284
63	288
63	297
64	2
64	16
64	27
64	47
64	58
64	59
64	61
64	63
64	69
64	72
64	74
64	78
64	81
64	84
64	86
64	88
64	91
64	97
64	113
64	125
64	130
64	134
64	140
64	144
64	171
64	182
64	186
64	191
64	198
64	225
64	232
64	240
64	246
64	251
64	254
64	259
64	270
64	282
64	284
64	285
64	288
64	291
65	6
65	7
65	11
65	19
65	24
65	26
65	53
65	57
65	68
65	94
65	101
65	104
65	168
65	206
65	210
65	230
65	232
65	248
65	267
66	1
66	6
66	7
66	11
66	13
66	14
66	15
66	20
66	24
66	26
66	30
66	31
66	34
66	37
66	38
66	40
66	42
66	44
66	45
66	68
66	80
66	100
66	103
66	111
66	114
66	120
66	121
66	122
66	151
66	153
66	162
66	163
66	166
66	167
66	168
66	171
66	172
66	176
66	178
66	180
66	195
66	199
66	204
66	206
66	210
66	230
66	242
66	248
66	260
66	265
66	267
66	272
66	293
66	295
67	16
67	58
67	63
67	74
67	88
67	126
67	140
67	156
67	170
67	175
67	177
67	187
67	197
67	212
67	215
67	246
67	247
67	256
67	285
67	291
68	5
68	7
68	13
68	14
68	20
68	22
68	24
68	26
68	30
68	34
68	36
68	41
68	43
68	52
68	57
68	65
68	66
68	73
68	101
68	103
68	104
68	105
68	107
68	110
68	111
68	120
68	121
68	136
68	139
68	145
68	157
68	165
68	168
68	176
68	180
68	195
68	201
68	213
68	230
68	232
68	242
68	248
68	252
68	260
68	274
68	280
68	281
68	286
68	289
69	16
69	21
69	27
69	33
69	58
69	59
69	64
69	76
69	86
69	91
69	102
69	112
69	113
69	119
69	125
69	168
69	177
69	182
69	191
69	212
69	214
69	225
69	246
69	247
69	254
69	270
69	285
69	288
69	297
70	3
70	22
70	25
70	44
70	85
70	106
70	115
70	123
70	183
70	211
70	217
70	220
70	233
70	235
70	244
70	250
70	273
70	277
70	294
70	298
71	11
71	16
71	21
71	27
71	49
71	56
71	58
71	61
71	78
71	79
71	84
71	87
71	102
71	118
71	119
71	126
71	130
71	134
71	153
71	175
71	177
71	185
71	188
71	198
71	212
71	214
71	215
71	222
71	237
71	253
71	257
71	259
71	266
71	276
71	282
71	284
71	288
72	21
72	47
72	56
72	58
72	64
72	78
72	81
72	84
72	86
72	88
72	98
72	109
72	113
72	118
72	119
72	125
72	126
72	134
72	156
72	177
72	182
72	191
72	198
72	212
72	225
72	246
72	276
72	286
73	6
73	8
73	14
73	15
73	16
73	19
73	20
73	23
73	26
73	31
73	34
73	36
73	40
73	41
73	43
73	68
73	96
73	104
73	110
73	121
73	127
73	151
73	157
73	168
73	170
73	180
73	189
73	230
73	258
74	2
74	27
74	49
74	55
74	56
74	58
74	59
74	61
74	64
74	67
74	76
74	89
74	91
74	118
74	130
74	131
74	134
74	140
74	153
74	177
74	182
74	191
74	197
74	212
74	214
74	240
74	246
74	247
74	256
74	259
74	270
74	282
74	284
74	285
74	286
74	291
75	4
75	10
75	39
75	82
75	94
75	128
75	155
75	159
75	161
75	164
75	173
75	203
75	207
75	218
75	219
75	229
75	269
75	275
75	285
76	2
76	10
76	27
76	41
76	56
76	58
76	61
76	69
76	74
76	81
76	87
76	91
76	95
76	113
76	119
76	130
76	134
76	140
76	170
76	175
76	177
76	185
76	197
76	198
76	212
76	214
76	224
76	234
76	240
76	253
76	254
76	259
76	270
76	282
76	285
76	286
76	288
77	9
77	22
77	25
77	29
77	37
77	44
77	46
77	60
77	85
77	106
77	123
77	131
77	143
77	220
77	250
77	273
77	277
77	298
78	2
78	18
78	27
78	47
78	56
78	58
78	61
78	64
78	71
78	72
78	79
78	84
78	102
78	112
78	126
78	130
78	134
78	140
78	144
78	156
78	179
78	182
78	186
78	188
78	198
78	215
78	222
78	224
78	246
78	253
78	254
78	259
78	264
78	285
78	288
79	2
79	56
79	61
79	71
79	78
79	81
79	102
79	104
79	109
79	130
79	142
79	175
79	197
79	212
79	214
79	251
79	256
79	285
80	6
80	14
80	19
80	20
80	26
80	33
80	38
80	62
80	66
80	96
80	103
80	145
80	169
80	176
80	178
80	179
80	267
81	16
81	21
81	27
81	55
81	59
81	64
81	72
81	76
81	79
81	86
81	90
81	95
81	113
81	128
81	134
81	144
81	150
81	175
81	177
81	186
81	188
81	191
81	198
81	212
81	214
81	234
81	246
81	253
81	276
81	283
81	285
81	288
82	4
82	10
82	20
82	35
82	39
82	75
82	92
82	94
82	117
82	120
82	128
82	149
82	150
82	155
82	159
82	164
82	187
82	192
82	196
82	200
82	203
82	207
82	216
82	218
82	221
82	229
82	249
82	261
82	271
82	275
82	278
82	290
82	299
83	4
83	29
83	35
83	39
83	51
83	92
83	94
83	133
83	141
83	155
83	158
83	159
83	160
83	164
83	187
83	190
83	200
83	207
83	218
83	221
83	223
83	226
83	229
83	249
83	268
83	269
83	271
83	275
83	294
83	299
84	2
84	7
84	21
84	33
84	58
84	59
84	64
84	71
84	72
84	78
84	90
84	97
84	113
84	118
84	125
84	134
84	140
84	167
84	186
84	188
84	191
84	212
84	214
84	222
84	234
84	246
84	257
84	259
84	270
84	276
84	283
84	285
84	288
84	297
85	3
85	9
85	22
85	24
85	25
85	44
85	70
85	77
85	106
85	115
85	123
85	143
85	220
85	241
85	250
85	273
85	298
86	2
86	16
86	18
86	37
86	47
86	58
86	64
86	69
86	72
86	81
86	88
86	95
86	113
86	125
86	130
86	140
86	144
86	152
86	156
86	170
86	214
86	234
86	240
86	247
86	251
86	276
86	285
86	288
87	1
87	2
87	27
87	51
87	56
87	58
87	61
87	71
87	76
87	88
87	89
87	97
87	113
87	118
87	130
87	134
87	140
87	156
87	170
87	175
87	186
87	191
87	197
87	214
87	215
87	222
87	239
87	246
87	257
87	285
87	286
88	2
88	16
88	18
88	33
88	56
88	58
88	59
88	64
88	67
88	72
88	86
88	87
88	90
88	102
88	113
88	130
88	134
88	144
88	175
88	177
88	191
88	198
88	214
88	225
88	246
88	251
88	257
88	262
88	276
88	285
88	288
89	2
89	16
89	18
89	27
89	58
89	59
89	61
89	74
89	87
89	90
89	91
89	102
89	113
89	119
89	130
89	144
89	156
89	170
89	175
89	178
89	182
89	186
89	193
89	212
89	222
89	239
89	247
89	251
89	254
89	256
89	276
89	285
89	288
89	291
90	2
90	58
90	61
90	63
90	81
90	84
90	88
90	89
90	102
90	130
90	134
90	188
90	197
90	224
90	225
90	240
90	247
90	248
90	253
90	259
90	266
90	270
90	285
91	47
91	56
91	58
91	64
91	69
91	74
91	76
91	89
91	95
91	127
91	130
91	134
91	170
91	177
91	186
91	193
91	212
91	214
91	237
91	288
92	4
92	10
92	17
92	19
92	29
92	36
92	51
92	82
92	83
92	94
92	117
92	132
92	147
92	150
92	159
92	164
92	192
92	196
92	200
92	216
92	219
92	221
92	229
92	269
92	271
92	290
92	299
93	3
93	25
93	37
93	44
93	46
93	54
93	115
93	123
93	202
93	217
93	220
93	233
93	235
93	243
93	250
93	263
93	273
93	298
93	299
94	4
94	10
94	17
94	29
94	35
94	39
94	48
94	51
94	65
94	75
94	82
94	83
94	92
94	108
94	117
94	122
94	128
94	132
94	133
94	137
94	138
94	141
94	146
94	147
94	149
94	150
94	155
94	158
94	159
94	160
94	161
94	164
94	173
94	187
94	192
94	196
94	200
94	203
94	207
94	208
94	216
94	218
94	219
94	221
94	223
94	226
94	229
94	249
94	261
94	262
94	268
94	269
94	271
94	275
94	278
94	279
94	288
94	290
94	294
94	299
95	2
95	16
95	49
95	56
95	60
95	76
95	81
95	86
95	91
95	113
95	144
95	175
95	212
95	222
95	224
95	251
95	270
95	288
96	1
96	8
96	15
96	20
96	30
96	31
96	36
96	38
96	45
96	73
96	80
96	98
96	100
96	101
96	104
96	121
96	122
96	124
96	127
96	137
96	145
96	162
96	163
96	167
96	168
96	171
96	172
96	204
96	230
96	231
96	232
96	280
96	289
96	290
96	296
97	2
97	16
97	18
97	28
97	55
97	59
97	64
97	84
97	87
97	102
97	109
97	113
97	126
97	144
97	175
97	212
97	234
97	254
97	257
97	288
98	7
98	8
98	72
98	96
98	99
98	100
98	105
98	120
98	127
98	136
98	153
98	165
98	167
98	168
98	176
98	238
98	248
99	8
99	11
99	12
99	14
99	31
99	34
99	43
99	50
99	98
99	103
99	104
99	121
99	122
99	136
99	139
99	145
99	159
99	163
99	169
99	172
99	176
99	181
99	189
99	201
99	205
99	210
99	231
99	258
99	267
99	281
100	1
100	6
100	20
100	24
100	34
100	36
100	40
100	43
100	45
100	66
100	96
100	98
100	101
100	111
100	114
100	124
100	136
100	152
100	153
100	155
100	162
100	163
100	172
100	174
100	181
100	184
100	204
100	206
100	210
100	228
100	232
100	260
100	267
100	272
100	274
100	300
101	8
101	13
101	14
101	30
101	43
101	50
101	53
101	65
101	68
101	96
101	100
101	110
101	120
101	122
101	145
101	153
101	167
101	176
101	178
101	179
101	205
101	206
101	230
101	260
101	283
102	2
102	33
102	56
102	61
102	69
102	71
102	78
102	79
102	88
102	89
102	90
102	97
102	108
102	109
102	113
102	125
102	134
102	140
102	142
102	144
102	156
102	177
102	185
102	186
102	191
102	197
102	214
102	215
102	221
102	222
102	224
102	239
102	240
102	253
102	254
102	259
102	276
102	285
102	297
103	4
103	15
103	26
103	34
103	36
103	40
103	43
103	62
103	66
103	68
103	80
103	99
103	104
103	107
103	110
103	111
103	122
103	129
103	139
103	140
103	153
103	166
103	176
103	178
103	179
103	189
103	204
103	230
103	231
103	232
103	242
103	252
103	260
103	265
103	272
103	300
104	7
104	11
104	13
104	14
104	20
104	23
104	24
104	30
104	36
104	38
104	41
104	43
104	53
104	65
104	68
104	73
104	79
104	96
104	99
104	103
104	114
104	120
104	124
104	139
104	153
104	154
104	162
104	168
104	176
104	178
104	181
104	194
104	212
104	213
104	265
104	272
104	274
104	281
104	287
104	293
105	6
105	20
105	30
105	34
105	68
105	98
105	120
105	121
105	122
105	127
105	139
105	152
105	154
105	165
105	168
105	176
105	186
105	195
105	232
105	238
105	267
105	287
106	3
106	25
106	28
106	37
106	44
106	46
106	52
106	60
106	70
106	77
106	85
106	115
106	123
106	131
106	143
106	183
106	190
106	206
106	211
106	217
106	220
106	227
106	233
106	235
106	241
106	243
106	244
106	249
106	250
106	263
106	273
106	298
107	1
107	13
107	19
107	24
107	30
107	36
107	40
107	68
107	103
107	122
107	129
107	162
107	164
107	168
107	171
107	174
107	176
107	179
107	181
107	189
107	194
107	206
107	213
107	216
107	230
107	238
107	255
107	296
108	39
108	48
108	51
108	94
108	102
108	117
108	150
108	159
108	164
108	187
108	200
108	203
108	229
108	261
108	269
108	271
108	299
109	11
109	18
109	21
109	27
109	56
109	72
109	79
109	97
109	102
109	112
109	130
109	135
109	140
109	175
109	188
109	197
109	198
109	214
109	215
109	234
109	259
110	1
110	15
110	20
110	23
110	36
110	43
110	50
110	68
110	73
110	101
110	103
110	120
110	121
110	139
110	147
110	157
110	166
110	174
110	179
110	180
110	194
110	205
110	210
110	267
110	296
110	300
111	13
111	14
111	20
111	30
111	43
111	66
111	68
111	100
111	103
111	114
111	120
111	130
111	145
111	157
111	258
111	274
111	281
111	293
111	296
112	55
112	56
112	58
112	59
112	61
112	69
112	78
112	109
112	113
112	119
112	125
112	130
112	134
112	142
112	144
112	156
112	170
112	197
112	229
112	234
112	237
112	251
112	253
112	259
112	284
112	285
113	2
113	16
113	27
113	33
113	55
113	58
113	61
113	64
113	69
113	72
113	76
113	81
113	84
113	86
113	87
113	88
113	89
113	95
113	97
113	102
113	112
113	119
113	124
113	130
113	140
113	142
113	144
113	170
113	177
113	185
113	191
113	198
113	212
113	214
113	215
113	222
113	225
113	237
113	239
113	246
113	247
113	253
113	259
113	260
113	266
113	270
113	283
113	285
113	286
113	288
113	291
114	7
114	11
114	13
114	14
114	32
114	34
114	38
114	40
114	43
114	66
114	100
114	104
114	111
114	120
114	121
114	122
114	127
114	153
114	167
114	171
114	173
114	206
114	272
115	3
115	9
115	22
115	25
115	44
115	46
115	60
115	70
115	85
115	93
115	106
115	116
115	123
115	131
115	143
115	148
115	183
115	190
115	210
115	211
115	217
115	220
115	227
115	233
115	235
115	236
115	243
115	244
115	245
115	250
115	273
115	277
115	298
116	3
116	22
116	25
116	28
116	37
116	46
116	52
116	54
116	60
116	62
116	115
116	123
116	143
116	183
116	190
116	211
116	217
116	220
116	233
116	235
116	236
116	241
116	250
116	263
116	273
116	298
117	10
117	39
117	48
117	51
117	82
117	92
117	94
117	108
117	133
117	146
117	150
117	155
117	159
117	164
117	171
117	173
117	187
117	196
117	200
117	207
117	216
117	218
117	219
117	221
117	226
117	229
117	230
117	268
117	269
117	271
117	275
117	290
117	292
117	299
118	2
118	16
118	33
118	47
118	55
118	71
118	72
118	74
118	84
118	87
118	130
118	240
118	246
118	259
118	281
118	288
118	297
119	2
119	47
119	58
119	69
119	71
119	72
119	76
119	89
119	112
119	113
119	130
119	175
119	193
119	214
119	234
119	269
119	276
119	282
119	285
120	7
120	11
120	12
120	14
120	15
120	20
120	24
120	30
120	31
120	40
120	43
120	46
120	53
120	54
120	62
120	66
120	68
120	82
120	98
120	101
120	104
120	105
120	110
120	111
120	114
120	121
120	127
120	136
120	163
120	166
120	168
120	169
120	176
120	179
120	184
120	201
120	213
120	228
120	232
120	238
120	242
120	248
120	281
120	289
120	295
120	300
121	6
121	7
121	8
121	11
121	12
121	13
121	14
121	15
121	20
121	24
121	34
121	40
121	45
121	53
121	55
121	57
121	62
121	66
121	68
121	73
121	96
121	99
121	105
121	110
121	114
121	120
121	122
121	128
121	129
121	139
121	145
121	152
121	153
121	162
121	166
121	167
121	168
121	174
121	176
121	178
121	184
121	199
121	205
121	206
121	210
121	213
121	230
121	231
121	252
121	255
121	260
121	272
121	273
121	274
121	280
121	281
121	289
121	295
121	296
121	300
122	5
122	6
122	7
122	11
122	14
122	20
122	30
122	32
122	34
122	36
122	40
122	45
122	49
122	50
122	57
122	62
122	66
122	94
122	96
122	99
122	101
122	103
122	105
122	107
122	114
122	121
122	124
122	136
122	151
122	152
122	157
122	167
122	169
122	199
122	201
122	205
122	206
122	210
122	228
122	230
122	232
122	260
122	272
122	281
122	295
122	296
122	300
123	3
123	25
123	28
123	44
123	46
123	52
123	54
123	60
123	70
123	77
123	85
123	93
123	106
123	115
123	116
123	131
123	183
123	188
123	190
123	211
123	220
123	227
123	233
123	235
123	236
123	245
123	250
123	273
123	298
124	7
124	14
124	20
124	24
124	26
124	45
124	50
124	53
124	96
124	100
124	104
124	113
124	122
124	145
124	167
124	176
124	179
124	209
124	210
124	230
124	231
124	289
124	293
125	36
125	55
125	56
125	58
125	64
125	69
125	72
125	84
125	86
125	102
125	112
125	126
125	130
125	134
125	144
125	159
125	175
125	185
125	191
125	193
125	197
125	212
125	215
125	222
125	239
125	253
125	254
125	257
125	259
125	264
125	270
125	284
125	285
125	288
126	2
126	16
126	56
126	67
126	71
126	72
126	78
126	97
126	125
126	134
126	144
126	170
126	177
126	224
126	252
126	285
126	286
127	14
127	24
127	36
127	41
127	43
127	73
127	91
127	96
127	98
127	105
127	114
127	120
127	136
127	154
127	168
127	176
127	181
127	205
127	230
127	260
127	267
127	287
127	296
128	10
128	39
128	40
128	48
128	51
128	75
128	81
128	82
128	94
128	121
128	150
128	155
128	159
128	160
128	164
128	196
128	200
128	208
128	219
128	223
128	229
128	262
128	269
128	271
128	292
129	7
129	24
129	36
129	41
129	43
129	103
129	107
129	121
129	157
129	171
129	174
129	176
129	179
129	195
129	204
129	230
129	239
130	2
130	16
130	21
130	27
130	33
130	42
130	49
130	56
130	58
130	63
130	64
130	71
130	74
130	76
130	78
130	79
130	86
130	87
130	88
130	89
130	90
130	91
130	109
130	111
130	112
130	113
130	118
130	119
130	125
130	134
130	140
130	144
130	175
130	177
130	185
130	188
130	193
130	197
130	214
130	215
130	224
130	240
130	246
130	247
130	251
130	266
130	267
130	270
130	285
130	286
130	288
130	297
131	3
131	28
131	52
131	54
131	74
131	77
131	106
131	115
131	123
131	159
131	190
131	202
131	217
131	227
131	233
131	235
131	241
131	244
131	250
131	273
131	277
132	4
132	10
132	48
132	51
132	92
132	94
132	155
132	159
132	164
132	187
132	207
132	218
132	219
132	229
132	265
132	269
132	290
132	294
132	299
133	39
133	41
133	48
133	51
133	83
133	94
133	117
133	150
133	155
133	159
133	160
133	164
133	196
133	203
133	207
133	218
133	221
133	229
133	262
133	269
133	271
134	2
134	16
134	18
134	27
134	56
134	59
134	61
134	63
134	64
134	71
134	72
134	74
134	76
134	78
134	81
134	84
134	87
134	88
134	90
134	91
134	102
134	112
134	125
134	126
134	130
134	144
134	154
134	156
134	170
134	175
134	191
134	198
134	202
134	212
134	214
134	237
134	240
134	251
134	253
134	264
134	269
134	270
134	276
134	282
134	283
134	284
134	285
134	291
134	297
135	14
135	16
135	21
135	56
135	109
135	144
135	170
135	191
135	193
135	197
135	212
135	215
135	222
135	225
135	239
135	257
135	285
135	297
136	5
136	6
136	7
136	9
136	11
136	14
136	24
136	30
136	32
136	36
136	43
136	50
136	68
136	98
136	99
136	100
136	120
136	122
136	127
136	154
136	165
136	166
136	168
136	174
136	176
136	178
136	179
136	194
136	209
136	230
136	242
136	258
136	272
136	300
137	35
137	39
137	51
137	94
137	96
137	150
137	159
137	161
137	164
137	173
137	187
137	196
137	207
137	221
137	223
137	229
137	261
137	268
137	269
137	271
138	4
138	10
138	39
138	51
138	94
138	146
138	150
138	155
138	159
138	164
138	176
138	196
138	207
138	218
138	223
138	229
138	261
138	269
138	271
139	14
139	26
139	30
139	41
139	42
139	50
139	68
139	99
139	103
139	104
139	105
139	110
139	121
139	165
139	168
139	204
139	218
139	265
139	267
139	296
140	16
140	55
140	56
140	58
140	59
140	61
140	64
140	67
140	74
140	76
140	78
140	84
140	86
140	87
140	102
140	103
140	109
140	113
140	130
140	141
140	144
140	156
140	170
140	177
140	185
140	198
140	212
140	225
140	237
140	246
140	251
140	264
140	266
140	282
140	283
140	284
141	29
141	35
141	51
141	83
141	94
141	140
141	155
141	164
141	200
141	207
141	216
141	218
141	221
141	249
141	269
141	271
141	290
142	18
142	56
142	58
142	61
142	79
142	102
142	112
142	113
142	156
142	188
142	193
142	214
142	230
142	247
142	253
142	264
142	282
142	285
143	3
143	9
143	28
143	37
143	44
143	46
143	52
143	60
143	77
143	85
143	106
143	115
143	116
143	148
143	177
143	183
143	190
143	202
143	211
143	217
143	220
143	233
143	235
143	245
143	250
143	273
144	16
144	64
144	78
144	81
144	86
144	88
144	89
144	95
144	97
144	102
144	112
144	113
144	125
144	126
144	130
144	134
144	135
144	140
144	156
144	170
144	175
144	177
144	185
144	191
144	212
144	222
144	234
144	235
144	239
144	246
144	251
144	256
144	266
144	276
144	285
144	286
144	297
145	1
145	4
145	6
145	11
145	43
145	62
145	68
145	80
145	96
145	99
145	101
145	111
145	121
145	124
145	151
145	167
145	176
145	205
145	232
145	267
146	4
146	35
146	39
146	51
146	94
146	117
146	138
146	159
146	164
146	195
146	196
146	203
146	207
146	208
146	229
146	271
146	299
147	4
147	10
147	29
147	39
147	51
147	92
147	94
147	110
147	155
147	159
147	160
147	161
147	164
147	196
147	200
147	207
147	216
147	219
147	221
147	229
147	262
147	269
147	271
147	275
147	279
148	3
148	22
148	37
148	46
148	52
148	60
148	115
148	143
148	183
148	190
148	202
148	211
148	217
148	220
148	235
148	236
148	245
148	263
149	29
149	50
149	51
149	82
149	94
149	150
149	155
149	159
149	160
149	164
149	196
149	203
149	207
149	219
149	229
149	271
149	279
149	290
150	10
150	29
150	51
150	81
150	82
150	92
150	94
150	108
150	117
150	128
150	133
150	137
150	138
150	149
150	155
150	159
150	164
150	173
150	187
150	192
150	196
150	200
150	203
150	207
150	216
150	219
150	221
150	229
150	249
150	250
150	261
150	262
150	268
150	269
150	271
150	275
150	279
150	290
150	294
151	6
151	7
151	11
151	30
151	34
151	36
151	43
151	66
151	73
151	122
151	145
151	172
151	179
151	181
151	210
151	248
151	281
151	293
152	7
152	8
152	14
152	24
152	30
152	34
152	43
152	50
152	86
152	100
152	105
152	121
152	122
152	154
152	178
152	184
152	189
152	258
153	6
153	7
153	11
153	14
153	19
153	20
153	30
153	32
153	43
153	53
153	62
153	66
153	71
153	74
153	98
153	100
153	101
153	103
153	104
153	114
153	121
153	157
153	167
153	169
153	171
153	172
153	174
153	176
153	180
153	181
153	195
153	204
153	205
153	209
153	230
153	231
153	232
153	258
153	267
153	274
153	289
153	296
153	300
154	6
154	19
154	40
154	43
154	104
154	105
154	127
154	134
154	136
154	152
154	157
154	167
154	176
154	179
154	180
154	210
154	267
154	280
154	293
154	295
154	300
155	4
155	10
155	17
155	30
155	35
155	39
155	48
155	51
155	75
155	82
155	83
155	94
155	100
155	117
155	128
155	132
155	133
155	138
155	141
155	147
155	149
155	150
155	158
155	159
155	160
155	161
155	164
155	184
155	187
155	192
155	196
155	200
155	203
155	207
155	208
155	216
155	218
155	219
155	221
155	223
155	226
155	229
155	262
155	268
155	269
155	271
155	278
155	279
155	290
155	294
155	299
156	10
156	49
156	58
156	67
156	72
156	78
156	86
156	87
156	89
156	102
156	112
156	134
156	140
156	142
156	144
156	175
156	177
156	214
156	240
156	251
156	264
156	276
156	285
156	286
157	2
157	5
157	6
157	7
157	11
157	26
157	30
157	34
157	41
157	68
157	73
157	110
157	111
157	122
157	129
157	153
157	154
157	166
157	171
157	189
157	206
157	210
157	213
157	232
157	255
157	260
157	267
157	296
158	10
158	48
158	51
158	83
158	94
158	155
158	159
158	164
158	196
158	200
158	229
158	261
158	269
158	271
158	290
158	294
158	299
159	4
159	10
159	17
159	29
159	35
159	39
159	48
159	51
159	75
159	82
159	83
159	92
159	94
159	99
159	108
159	117
159	125
159	128
159	131
159	132
159	133
159	137
159	138
159	146
159	147
159	149
159	150
159	155
159	158
159	160
159	161
159	164
159	173
159	187
159	192
159	196
159	200
159	203
159	207
159	208
159	216
159	218
159	219
159	221
159	223
159	226
159	229
159	249
159	261
159	262
159	268
159	269
159	271
159	275
159	279
159	290
159	292
159	294
159	299
160	4
160	10
160	51
160	83
160	94
160	128
160	133
160	147
160	149
160	155
160	159
160	164
160	196
160	200
160	203
160	219
160	223
160	226
160	229
160	238
160	269
160	271
160	275
160	278
160	299
161	10
161	39
161	51
161	75
161	94
161	137
161	147
161	155
161	159
161	164
161	196
161	208
161	221
161	229
161	268
161	271
161	299
162	2
162	11
162	20
162	32
162	43
162	45
162	53
162	57
162	66
162	96
162	100
162	104
162	107
162	121
162	171
162	174
162	179
162	201
162	232
162	248
162	278
162	280
162	296
163	7
163	11
163	14
163	18
163	20
163	30
163	57
163	66
163	96
163	99
163	100
163	120
163	167
163	181
163	213
163	238
163	267
163	296
164	4
164	10
164	17
164	27
164	29
164	35
164	48
164	51
164	75
164	82
164	83
164	92
164	94
164	107
164	108
164	117
164	128
164	132
164	133
164	137
164	138
164	141
164	146
164	147
164	149
164	150
164	155
164	158
164	159
164	160
164	161
164	167
164	173
164	187
164	192
164	196
164	200
164	203
164	207
164	208
164	216
164	219
164	221
164	223
164	226
164	229
164	262
164	268
164	269
164	271
164	275
164	278
164	279
164	290
164	292
164	294
164	299
165	6
165	7
165	8
165	14
165	20
165	24
165	36
165	50
165	68
165	98
165	105
165	136
165	139
165	168
165	175
165	194
165	205
165	213
165	230
165	238
165	267
166	7
166	11
166	38
166	43
166	53
166	66
166	103
166	110
166	120
166	121
166	136
166	157
166	168
166	181
166	220
166	230
166	231
166	265
166	274
166	287
167	7
167	11
167	12
167	14
167	19
167	24
167	30
167	43
167	66
167	84
167	96
167	98
167	101
167	114
167	121
167	122
167	124
167	145
167	153
167	154
167	163
167	164
167	174
167	176
167	179
167	180
167	181
167	189
167	194
167	195
167	201
167	205
167	206
167	210
167	228
167	230
167	248
167	252
167	255
167	258
167	267
167	272
167	287
167	289
168	7
168	8
168	11
168	13
168	14
168	20
168	23
168	24
168	30
168	36
168	42
168	43
168	45
168	50
168	62
168	65
168	66
168	68
168	69
168	73
168	96
168	98
168	104
168	105
168	107
168	120
168	121
168	127
168	136
168	139
168	165
168	166
168	176
168	178
168	183
168	184
168	189
168	195
168	198
168	201
168	205
168	206
168	213
168	232
168	238
168	248
168	258
168	260
168	267
168	272
168	287
168	289
168	293
168	295
169	11
169	12
169	14
169	19
169	26
169	30
169	51
169	53
169	80
169	99
169	120
169	122
169	153
169	176
169	194
169	195
169	209
169	210
169	228
169	230
169	267
169	281
169	293
170	31
170	58
170	59
170	61
170	67
170	73
170	76
170	86
170	87
170	89
170	91
170	112
170	113
170	126
170	134
170	135
170	140
170	144
170	197
170	214
170	215
170	222
170	224
170	253
170	259
170	297
171	7
171	12
171	14
171	15
171	19
171	30
171	34
171	45
171	62
171	64
171	66
171	96
171	107
171	114
171	117
171	129
171	153
171	157
171	162
171	184
171	194
171	199
171	248
171	258
171	265
171	272
171	281
171	300
172	11
172	14
172	15
172	30
172	43
172	53
172	57
172	66
172	96
172	99
172	100
172	151
172	153
172	180
172	181
172	194
172	199
172	201
172	204
172	221
172	228
172	231
172	232
172	264
172	267
172	274
173	4
173	10
173	29
173	51
173	75
173	94
173	114
173	117
173	137
173	150
173	159
173	164
173	196
173	207
173	218
173	221
173	229
173	268
173	269
173	271
173	275
173	290
173	299
174	7
174	11
174	19
174	43
174	100
174	107
174	110
174	121
174	129
174	136
174	153
174	162
174	167
174	176
174	196
174	210
174	230
174	272
175	21
175	47
175	67
175	71
175	76
175	79
175	81
175	87
175	88
175	89
175	95
175	97
175	109
175	119
175	125
175	130
175	134
175	144
175	156
175	165
175	177
175	185
175	186
175	197
175	198
175	212
175	225
175	239
175	247
175	253
175	256
175	259
175	270
175	271
175	282
175	284
175	285
175	291
176	7
176	11
176	14
176	15
176	20
176	24
176	34
176	36
176	38
176	41
176	45
176	50
176	57
176	66
176	68
176	80
176	98
176	99
176	101
176	103
176	104
176	105
176	107
176	120
176	121
176	124
176	127
176	129
176	136
176	138
176	145
176	153
176	154
176	167
176	168
176	169
176	174
176	179
176	180
176	184
176	199
176	210
176	242
176	258
176	265
176	291
176	296
176	300
177	2
177	16
177	18
177	21
177	27
177	47
177	56
177	61
177	67
177	69
177	71
177	72
177	74
177	76
177	81
177	88
177	91
177	102
177	113
177	126
177	130
177	140
177	143
177	144
177	156
177	175
177	182
177	191
177	197
177	214
177	224
177	225
177	239
177	251
177	253
177	254
177	257
177	270
177	276
177	280
177	282
177	285
177	288
178	5
178	11
178	12
178	30
178	32
178	40
178	43
178	62
178	66
178	80
178	89
178	101
178	103
178	104
178	121
178	136
178	152
178	168
178	179
178	181
178	184
178	194
178	199
178	258
178	285
178	287
178	300
179	1
179	5
179	7
179	8
179	11
179	12
179	15
179	20
179	43
179	78
179	80
179	101
179	103
179	107
179	110
179	120
179	124
179	129
179	136
179	151
179	154
179	162
179	167
179	176
179	178
179	181
179	206
179	228
179	230
179	252
179	255
179	267
179	281
179	296
180	7
180	39
180	66
180	68
180	73
180	110
180	153
180	154
180	167
180	172
180	176
180	189
180	206
180	232
180	238
180	267
180	272
180	274
180	289
181	14
181	24
181	31
181	41
181	99
181	100
181	104
181	107
181	127
181	151
181	153
181	163
181	166
181	167
181	172
181	178
181	179
181	210
181	230
181	231
181	255
181	260
181	269
182	27
182	34
182	56
182	58
182	64
182	69
182	72
182	74
182	78
182	89
182	177
182	188
182	234
182	237
182	253
182	266
182	288
182	291
183	3
183	9
183	22
183	37
183	46
183	60
183	70
183	106
183	115
183	116
183	123
183	143
183	148
183	168
183	211
183	217
183	235
183	236
183	273
184	8
184	11
184	23
184	30
184	31
184	41
184	42
184	43
184	57
184	100
184	120
184	121
184	152
184	155
184	168
184	171
184	176
184	178
184	230
184	260
184	267
184	280
185	56
185	71
185	76
185	102
185	113
185	125
185	130
185	140
185	144
185	175
185	188
185	212
185	214
185	215
185	240
185	276
185	286
186	16
186	18
186	21
186	33
186	47
186	58
186	59
186	64
186	78
186	81
186	84
186	87
186	89
186	91
186	102
186	105
186	175
186	212
186	214
186	225
186	246
186	247
186	259
186	285
186	288
187	4
187	17
187	29
187	35
187	39
187	51
187	67
187	82
187	83
187	94
187	108
187	117
187	132
187	137
187	150
187	155
187	159
187	164
187	207
187	216
187	219
187	221
187	226
187	229
187	269
187	275
187	278
187	279
187	290
187	292
187	294
187	299
188	49
188	61
188	63
188	71
188	78
188	81
188	84
188	90
188	109
188	123
188	130
188	142
188	182
188	185
188	197
188	198
188	212
188	214
188	256
188	270
188	285
189	23
189	26
189	30
189	50
189	73
189	99
189	103
189	107
189	152
189	157
189	167
189	168
189	180
189	230
189	260
189	263
189	267
189	281
190	3
190	22
190	25
190	28
190	37
190	46
190	52
190	60
190	83
190	106
190	115
190	116
190	123
190	131
190	143
190	148
190	202
190	211
190	217
190	220
190	233
190	235
190	244
190	250
190	263
190	273
190	276
190	277
190	298
191	16
191	56
191	58
191	59
191	61
191	64
191	69
191	72
191	74
191	81
191	84
191	87
191	88
191	102
191	113
191	125
191	134
191	135
191	144
191	177
191	197
191	204
191	225
191	251
191	259
191	284
191	285
191	288
192	4
192	10
192	39
192	51
192	82
192	92
192	94
192	150
192	155
192	159
192	164
192	196
192	203
192	207
192	220
192	229
192	271
192	294
192	299
193	55
193	58
193	59
193	89
193	91
193	119
193	125
193	130
193	135
193	142
193	212
193	214
193	240
193	253
193	259
193	261
193	264
193	276
194	6
194	19
194	26
194	30
194	34
194	41
194	43
194	45
194	104
194	107
194	110
194	136
194	165
194	167
194	169
194	171
194	172
194	178
194	210
194	222
194	231
194	293
194	296
195	5
195	7
195	11
195	19
195	20
195	23
195	24
195	32
195	43
195	62
195	66
195	68
195	105
195	129
195	146
195	153
195	167
195	168
195	169
195	201
195	209
195	210
195	230
195	252
195	260
195	267
195	270
195	274
195	281
195	295
196	4
196	10
196	17
196	29
196	35
196	39
196	51
196	82
196	92
196	94
196	117
196	128
196	133
196	137
196	138
196	146
196	147
196	149
196	150
196	155
196	158
196	159
196	160
196	161
196	164
196	173
196	174
196	192
196	200
196	203
196	207
196	218
196	219
196	221
196	223
196	226
196	229
196	231
196	249
196	261
196	262
196	268
196	269
196	271
196	279
196	290
196	292
196	294
196	299
197	2
197	16
197	43
197	56
197	59
197	67
197	74
197	76
197	79
197	87
197	90
197	102
197	109
197	112
197	125
197	130
197	135
197	170
197	175
197	177
197	188
197	191
197	215
197	237
197	246
197	247
197	251
197	254
197	259
197	266
197	282
197	284
197	288
198	2
198	21
198	58
198	64
198	71
198	72
198	76
198	78
198	81
198	88
198	109
198	113
198	134
198	140
198	168
198	175
198	188
198	212
198	214
198	246
198	256
198	259
198	266
198	285
199	1
199	7
199	8
199	11
199	13
199	20
199	24
199	66
199	121
199	122
199	171
199	172
199	176
199	178
199	227
199	272
199	296
200	4
200	10
200	29
200	39
200	51
200	82
200	83
200	92
200	94
200	108
200	117
200	128
200	141
200	147
200	150
200	155
200	158
200	159
200	160
200	164
200	196
200	206
200	207
200	218
200	219
200	221
200	226
200	229
200	249
200	260
200	261
200	262
200	269
200	271
200	278
200	290
200	299
201	5
201	7
201	11
201	12
201	20
201	23
201	24
201	36
201	42
201	45
201	53
201	62
201	68
201	99
201	120
201	122
201	162
201	167
201	168
201	172
201	195
201	228
201	246
201	248
201	260
201	267
201	272
201	295
202	3
202	9
202	22
202	25
202	37
202	44
202	46
202	52
202	60
202	93
202	131
202	134
202	143
202	148
202	190
202	217
202	220
202	227
202	233
202	235
202	236
202	241
202	243
202	245
202	273
202	298
203	17
203	20
203	29
203	39
203	51
203	75
203	82
203	94
203	108
203	133
203	146
203	149
203	150
203	155
203	159
203	160
203	164
203	192
203	196
203	207
203	221
203	229
203	249
203	268
203	269
203	271
203	290
203	294
203	299
204	1
204	7
204	12
204	13
204	14
204	53
204	62
204	66
204	96
204	100
204	103
204	129
204	139
204	153
204	172
204	191
204	210
204	230
204	231
204	255
204	260
204	267
204	281
204	296
205	34
205	36
205	42
205	43
205	99
205	101
205	110
205	121
205	122
205	127
205	145
205	153
205	165
205	167
205	168
205	230
205	289
206	1
206	11
206	13
206	20
206	30
206	43
206	45
206	65
206	66
206	100
206	101
206	106
206	107
206	114
206	121
206	122
206	157
206	167
206	168
206	179
206	180
206	200
206	213
206	230
206	232
206	296
207	4
207	10
207	17
207	29
207	48
207	75
207	82
207	83
207	94
207	117
207	132
207	133
207	137
207	138
207	141
207	146
207	147
207	149
207	150
207	155
207	159
207	164
207	173
207	187
207	192
207	196
207	200
207	203
207	208
207	216
207	221
207	223
207	226
207	229
207	242
207	262
207	268
207	269
207	271
207	275
207	290
207	292
207	294
207	298
207	299
208	4
208	10
208	51
208	53
208	94
208	128
208	146
208	155
208	159
208	161
208	164
208	207
208	219
208	229
208	269
208	290
208	292
208	294
208	299
209	5
209	6
209	11
209	14
209	19
209	20
209	30
209	38
209	42
209	43
209	124
209	136
209	153
209	169
209	195
209	272
209	281
209	289
209	290
209	293
210	1
210	6
210	11
210	14
210	19
210	24
210	36
210	38
210	42
210	50
210	53
210	57
210	62
210	65
210	66
210	99
210	100
210	110
210	115
210	121
210	122
210	124
210	151
210	154
210	157
210	167
210	169
210	174
210	176
210	181
210	194
210	195
210	204
210	228
210	230
210	231
210	232
210	234
210	238
210	240
210	242
210	252
210	258
210	260
210	267
210	274
210	281
210	295
210	300
211	3
211	9
211	22
211	25
211	37
211	44
211	46
211	70
211	106
211	115
211	116
211	123
211	143
211	148
211	183
211	190
211	220
211	233
211	235
211	250
211	277
212	27
212	49
212	58
212	59
212	67
212	69
212	71
212	72
212	74
212	76
212	79
212	81
212	84
212	89
212	91
212	95
212	97
212	104
212	113
212	125
212	134
212	135
212	140
212	144
212	175
212	185
212	186
212	188
212	193
212	198
212	214
212	215
212	225
212	232
212	240
212	246
212	253
212	257
212	270
212	276
212	283
212	284
212	286
212	296
212	297
213	6
213	13
213	19
213	20
213	50
213	59
213	68
213	104
213	107
213	120
213	121
213	157
213	163
213	165
213	168
213	206
213	248
213	274
213	293
214	8
214	16
214	18
214	27
214	33
214	56
214	58
214	59
214	63
214	69
214	71
214	74
214	76
214	79
214	81
214	84
214	86
214	87
214	88
214	91
214	102
214	109
214	113
214	119
214	130
214	134
214	142
214	156
214	170
214	177
214	185
214	186
214	188
214	193
214	198
214	212
214	215
214	224
214	237
214	239
214	240
214	246
214	247
214	251
214	253
214	256
214	257
214	264
214	270
214	275
214	276
214	283
214	284
214	289
215	2
215	16
215	21
215	27
215	47
215	55
215	56
215	59
215	61
215	67
215	71
215	78
215	87
215	102
215	109
215	113
215	125
215	130
215	135
215	170
215	185
215	197
215	212
215	214
215	240
215	243
215	285
215	291
216	4
216	10
216	35
216	39
216	51
216	82
216	92
216	94
216	107
216	117
216	141
216	147
216	150
216	155
216	159
216	164
216	187
216	207
216	221
216	229
216	249
216	268
216	269
216	271
216	279
216	290
216	292
216	294
217	3
217	9
217	25
217	28
217	37
217	46
217	60
217	70
217	93
217	106
217	115
217	116
217	131
217	143
217	148
217	183
217	190
217	202
217	220
217	227
217	233
217	235
217	236
217	241
217	244
217	263
217	273
217	277
217	298
217	300
218	10
218	29
218	39
218	51
218	75
218	82
218	83
218	94
218	117
218	132
218	133
218	138
218	139
218	141
218	155
218	159
218	173
218	196
218	200
218	219
218	221
218	229
218	249
218	261
218	269
218	271
218	290
218	292
218	294
219	4
219	10
219	16
219	17
219	29
219	39
219	51
219	75
219	92
219	94
219	117
219	128
219	132
219	147
219	149
219	150
219	155
219	159
219	160
219	164
219	187
219	196
219	200
219	208
219	218
219	221
219	261
219	262
219	268
219	269
219	271
219	277
219	278
219	290
219	294
220	3
220	9
220	22
220	25
220	28
220	37
220	44
220	46
220	52
220	54
220	60
220	70
220	77
220	85
220	93
220	106
220	115
220	116
220	123
220	143
220	148
220	166
220	190
220	192
220	202
220	211
220	217
220	227
220	233
220	235
220	244
220	245
220	250
220	263
220	273
220	298
221	4
221	10
221	29
221	39
221	48
221	51
221	82
221	83
221	92
221	94
221	102
221	117
221	133
221	137
221	141
221	147
221	150
221	155
221	159
221	161
221	164
221	172
221	173
221	187
221	196
221	200
221	203
221	207
221	216
221	218
221	219
221	226
221	229
221	268
221	269
221	271
221	275
221	279
221	290
221	294
222	2
222	21
222	47
222	58
222	59
222	71
222	78
222	84
222	87
222	89
222	95
222	102
222	113
222	125
222	135
222	144
222	170
222	194
222	247
222	259
222	285
222	288
222	291
223	4
223	10
223	48
223	51
223	83
223	94
223	128
223	137
223	138
223	155
223	159
223	160
223	164
223	196
223	207
223	229
223	233
223	262
223	268
223	269
223	271
223	290
223	294
224	2
224	58
224	76
224	78
224	90
224	95
224	102
224	126
224	130
224	170
224	177
224	214
224	239
224	240
224	246
224	257
224	283
225	16
225	63
225	64
225	69
225	72
225	88
225	90
225	113
225	135
225	140
225	175
225	177
225	186
225	191
225	212
225	266
225	291
225	297
226	4
226	39
226	51
226	58
226	83
226	94
226	117
226	155
226	159
226	160
226	164
226	187
226	196
226	200
226	207
226	221
226	229
226	249
226	268
226	269
226	271
226	290
227	3
227	22
227	28
227	37
227	46
227	54
227	106
227	115
227	123
227	131
227	199
227	202
227	217
227	220
227	233
227	235
227	236
227	243
227	273
227	277
227	298
228	11
228	24
228	36
228	40
228	41
228	43
228	100
228	120
228	122
228	167
228	169
228	172
228	179
228	201
228	210
228	230
228	232
228	248
228	252
228	267
228	282
228	289
229	4
229	10
229	17
229	29
229	35
229	38
229	39
229	48
229	51
229	75
229	82
229	83
229	92
229	94
229	108
229	112
229	117
229	128
229	132
229	133
229	137
229	138
229	146
229	147
229	149
229	150
229	155
229	158
229	159
229	160
229	161
229	164
229	173
229	187
229	192
229	196
229	200
229	203
229	207
229	208
229	216
229	218
229	221
229	223
229	226
229	261
229	268
229	269
229	271
229	275
229	278
229	279
229	290
229	292
229	294
229	295
229	299
230	5
230	6
230	8
230	11
230	12
230	13
230	14
230	23
230	24
230	30
230	31
230	36
230	40
230	43
230	53
230	62
230	65
230	66
230	68
230	73
230	96
230	101
230	103
230	107
230	117
230	121
230	122
230	124
230	127
230	129
230	136
230	142
230	153
230	165
230	166
230	167
230	169
230	174
230	179
230	181
230	184
230	189
230	195
230	204
230	205
230	206
230	210
230	228
230	242
230	252
230	260
230	265
230	272
230	280
230	293
230	294
230	295
230	296
231	6
231	7
231	11
231	14
231	20
231	30
231	34
231	43
231	62
231	96
231	99
231	103
231	121
231	124
231	153
231	166
231	172
231	181
231	194
231	196
231	204
231	210
231	247
231	255
231	267
231	280
232	7
232	11
232	13
232	19
232	34
232	36
232	41
232	64
232	65
232	68
232	96
232	100
232	103
232	105
232	120
232	122
232	145
232	153
232	157
232	162
232	168
232	172
232	180
232	206
232	210
232	212
232	228
232	255
232	258
232	272
232	274
232	281
232	287
233	1
233	3
233	9
233	25
233	28
233	37
233	44
233	46
233	52
233	54
233	60
233	70
233	93
233	106
233	115
233	116
233	123
233	131
233	143
233	190
233	202
233	211
233	217
233	220
233	223
233	227
233	235
233	236
233	241
233	243
233	244
233	245
233	250
233	273
233	298
234	21
234	61
234	76
234	81
234	84
234	86
234	97
234	109
234	112
234	119
234	144
234	182
234	210
234	253
234	266
234	270
234	291
234	297
235	3
235	25
235	28
235	37
235	44
235	46
235	52
235	54
235	60
235	70
235	93
235	106
235	115
235	116
235	123
235	131
235	143
235	144
235	148
235	183
235	190
235	202
235	211
235	217
235	220
235	227
235	233
235	236
235	241
235	243
235	244
235	245
235	250
235	273
235	274
235	277
235	298
236	3
236	22
236	28
236	37
236	44
236	46
236	52
236	60
236	115
236	116
236	123
236	148
236	183
236	202
236	217
236	227
236	233
236	235
236	241
236	271
236	277
236	298
237	16
237	32
237	59
237	71
237	91
237	112
237	113
237	134
237	140
237	182
237	197
237	214
237	254
237	259
237	266
237	282
237	283
238	1
238	12
238	14
238	20
238	24
238	30
238	43
238	53
238	57
238	98
238	105
238	107
238	120
238	160
238	163
238	165
238	168
238	180
238	210
238	248
238	267
238	281
238	296
239	49
239	58
239	59
239	87
239	89
239	102
239	113
239	125
239	129
239	135
239	144
239	175
239	177
239	214
239	224
239	240
239	256
239	264
239	266
239	285
240	56
240	58
240	59
240	64
240	74
240	76
240	86
240	90
240	102
240	118
240	130
240	134
240	156
240	185
240	193
240	210
240	212
240	214
240	215
240	224
240	239
240	254
240	256
240	259
240	282
240	283
240	284
240	285
240	288
241	3
241	27
241	37
241	44
241	46
241	52
241	85
241	106
241	116
241	131
241	202
241	217
241	233
241	235
241	236
241	243
241	244
241	245
241	273
241	298
242	6
242	7
242	19
242	23
242	38
242	53
242	66
242	68
242	103
242	120
242	136
242	176
242	207
242	210
242	230
242	265
242	267
242	296
242	300
243	3
243	25
243	28
243	44
243	46
243	52
243	93
243	106
243	115
243	202
243	215
243	227
243	233
243	235
243	241
243	273
243	298
244	3
244	9
244	30
244	46
244	54
244	70
244	106
244	115
244	131
244	190
244	217
244	220
244	233
244	235
244	241
244	263
244	273
244	277
244	298
245	3
245	14
245	28
245	44
245	46
245	60
245	115
245	123
245	143
245	148
245	202
245	220
245	233
245	235
245	241
245	250
245	273
246	13
246	16
246	21
246	56
246	59
246	64
246	67
246	69
246	72
246	74
246	78
246	81
246	84
246	87
246	88
246	113
246	118
246	130
246	140
246	144
246	186
246	197
246	198
246	201
246	212
246	214
246	224
246	270
247	27
247	58
247	67
247	69
247	74
247	86
247	89
247	90
247	113
247	130
247	142
247	175
247	186
247	197
247	214
247	222
247	231
247	251
247	297
248	7
248	11
248	12
248	34
248	43
248	53
248	65
248	66
248	68
248	90
248	98
248	120
248	151
248	162
248	167
248	168
248	171
248	201
248	213
248	228
248	238
248	258
248	265
248	267
248	287
249	4
249	10
249	39
249	51
249	82
249	83
249	94
249	106
249	141
249	150
249	159
249	196
249	200
249	203
249	216
249	218
249	226
249	268
249	269
249	271
249	278
249	292
249	294
250	3
250	22
250	25
250	28
250	52
250	54
250	60
250	70
250	77
250	85
250	93
250	106
250	115
250	116
250	123
250	131
250	143
250	150
250	190
250	211
250	220
250	233
250	235
250	245
250	263
250	267
250	273
250	277
251	2
251	49
251	55
251	56
251	59
251	61
251	64
251	79
251	86
251	88
251	89
251	95
251	112
251	130
251	134
251	140
251	144
251	156
251	177
251	191
251	197
251	214
251	247
251	253
251	254
251	255
251	257
251	259
251	264
251	285
251	286
251	288
251	297
252	1
252	5
252	6
252	20
252	23
252	30
252	38
252	41
252	43
252	68
252	103
252	121
252	126
252	167
252	179
252	195
252	210
252	228
252	230
252	267
252	272
252	280
253	2
253	16
253	21
253	24
253	27
253	33
253	49
253	56
253	58
253	63
253	71
253	76
253	78
253	81
253	90
253	102
253	112
253	113
253	125
253	134
253	142
253	170
253	175
253	177
253	182
253	193
253	212
253	214
253	234
253	251
253	283
253	285
253	286
253	288
254	16
254	33
254	39
254	47
254	48
254	58
254	59
254	61
254	64
254	69
254	76
254	78
254	89
254	97
254	102
254	125
254	177
254	197
254	237
254	240
254	251
254	259
254	297
255	7
255	23
255	24
255	30
255	43
255	57
255	62
255	107
255	121
255	157
255	167
255	179
255	181
255	204
255	231
255	232
255	251
255	267
256	29
256	56
256	59
256	67
256	74
256	79
256	89
256	144
256	175
256	188
256	198
256	214
256	239
256	240
256	259
256	283
256	285
256	288
256	291
257	16
257	27
257	63
257	71
257	84
257	87
257	88
257	97
257	125
257	135
257	177
257	212
257	214
257	224
257	251
257	270
257	285
258	1
258	7
258	8
258	24
258	30
258	62
258	73
258	99
258	111
258	136
258	152
258	153
258	167
258	168
258	171
258	176
258	178
258	210
258	232
258	248
258	267
258	296
258	298
258	300
259	2
259	16
259	21
259	27
259	33
259	47
259	49
259	52
259	56
259	59
259	64
259	71
259	74
259	76
259	78
259	84
259	90
259	102
259	109
259	112
259	113
259	118
259	125
259	170
259	175
259	186
259	191
259	193
259	197
259	198
259	222
259	237
259	240
259	251
259	254
259	256
259	270
259	276
259	286
259	291
259	296
259	297
260	1
260	8
260	30
260	32
260	50
260	66
260	68
260	100
260	101
260	103
260	113
260	121
260	122
260	127
260	157
260	168
260	181
260	184
260	189
260	195
260	200
260	201
260	204
260	210
260	230
260	267
260	289
261	4
261	10
261	17
261	51
261	82
261	94
261	108
261	137
261	138
261	150
261	158
261	159
261	193
261	196
261	200
261	218
261	219
261	229
261	269
261	271
261	299
262	39
262	51
262	88
262	94
262	128
262	133
262	147
262	150
262	155
262	159
262	164
262	196
262	200
262	207
262	219
262	223
262	271
263	22
263	25
263	37
263	44
263	46
263	52
263	93
263	106
263	116
263	148
263	189
263	190
263	217
263	220
263	244
263	250
263	273
264	16
264	21
264	33
264	78
264	125
264	134
264	140
264	142
264	156
264	172
264	193
264	214
264	239
264	251
264	285
264	286
264	291
265	14
265	31
265	38
265	66
265	103
265	104
265	132
265	139
265	166
265	171
265	176
265	230
265	242
265	248
265	267
265	280
265	287
265	293
266	49
266	56
266	57
266	71
266	90
266	113
266	130
266	140
266	144
266	182
266	197
266	198
266	225
266	234
266	237
266	239
266	283
266	285
267	7
267	11
267	14
267	24
267	30
267	31
267	36
267	40
267	41
267	42
267	43
267	45
267	50
267	53
267	65
267	66
267	80
267	99
267	100
267	105
267	110
267	127
267	130
267	139
267	145
267	153
267	154
267	157
267	163
267	165
267	167
267	168
267	169
267	172
267	179
267	180
267	184
267	189
267	195
267	201
267	204
267	210
267	228
267	231
267	238
267	242
267	248
267	250
267	252
267	255
267	258
267	260
267	265
267	272
267	274
267	281
267	289
267	290
267	296
268	4
268	22
268	29
268	39
268	48
268	51
268	83
268	94
268	117
268	137
268	150
268	155
268	159
268	161
268	164
268	173
268	196
268	203
268	207
268	216
268	219
268	221
268	223
268	226
268	229
268	249
268	269
268	271
268	275
268	290
268	294
269	4
269	29
269	35
269	39
269	48
269	51
269	75
269	83
269	92
269	94
269	108
269	117
269	119
269	128
269	132
269	133
269	134
269	137
269	138
269	141
269	147
269	150
269	155
269	158
269	159
269	160
269	164
269	173
269	181
269	187
269	196
269	200
269	203
269	207
269	208
269	216
269	218
269	219
269	221
269	223
269	226
269	229
269	249
269	261
269	268
269	271
269	275
269	278
269	279
269	290
269	294
269	299
270	59
270	64
270	69
270	74
270	76
270	84
270	90
270	95
270	113
270	125
270	130
270	134
270	175
270	177
270	188
270	195
270	212
270	214
270	234
270	246
270	257
270	259
270	285
270	297
271	4
271	10
271	17
271	26
271	29
271	35
271	39
271	48
271	51
271	82
271	83
271	92
271	94
271	108
271	117
271	128
271	133
271	137
271	138
271	141
271	146
271	147
271	149
271	150
271	155
271	158
271	159
271	160
271	161
271	164
271	173
271	175
271	192
271	196
271	200
271	203
271	207
271	216
271	218
271	219
271	221
271	223
271	226
271	229
271	236
271	249
271	261
271	262
271	268
271	269
271	275
271	278
271	279
271	290
271	292
271	294
271	299
272	7
272	8
272	11
272	24
272	36
272	66
272	100
272	103
272	104
272	114
272	121
272	122
272	136
272	167
272	168
272	171
272	174
272	180
272	199
272	201
272	209
272	230
272	232
272	252
272	267
272	281
272	285
272	287
272	300
273	3
273	9
273	11
273	22
273	25
273	28
273	37
273	44
273	46
273	54
273	70
273	77
273	85
273	93
273	106
273	115
273	116
273	121
273	123
273	131
273	143
273	183
273	190
273	202
273	217
273	220
273	227
273	233
273	235
273	241
273	243
273	244
273	245
273	250
273	263
274	14
274	24
274	30
274	31
274	38
274	41
274	43
274	50
274	68
274	100
274	104
274	111
274	121
274	153
274	166
274	172
274	180
274	195
274	210
274	213
274	232
274	235
274	267
275	4
275	10
275	39
275	75
275	82
275	83
275	94
275	117
275	147
275	150
275	159
275	160
275	164
275	173
275	187
275	207
275	214
275	221
275	229
275	268
275	269
275	271
275	290
275	299
276	2
276	16
276	33
276	58
276	63
276	71
276	72
276	81
276	84
276	86
276	88
276	89
276	102
276	119
276	134
276	144
276	156
276	177
276	185
276	190
276	193
276	212
276	214
276	259
276	285
276	291
276	293
277	3
277	22
277	25
277	46
277	52
277	70
277	77
277	115
277	131
277	190
277	211
277	217
277	219
277	227
277	235
277	236
277	244
277	250
278	4
278	10
278	29
278	82
278	94
278	155
278	160
278	162
278	164
278	187
278	200
278	219
278	229
278	249
278	269
278	271
278	290
278	294
279	10
279	29
279	39
279	51
279	94
279	147
279	149
279	150
279	155
279	159
279	164
279	187
279	196
279	216
279	221
279	229
279	269
279	271
279	290
279	293
280	11
280	14
280	30
280	31
280	68
280	96
280	121
280	154
280	162
280	177
280	184
280	230
280	231
280	252
280	265
280	287
280	296
281	11
281	13
281	15
281	19
281	20
281	21
281	23
281	26
281	30
281	36
281	41
281	68
281	99
281	104
281	111
281	118
281	120
281	121
281	122
281	151
281	169
281	171
281	179
281	189
281	195
281	204
281	209
281	210
281	232
281	238
281	267
281	272
281	289
281	293
281	300
282	2
282	16
282	33
282	58
282	59
282	61
282	64
282	71
282	74
282	76
282	119
282	134
282	140
282	142
282	175
282	177
282	197
282	228
282	237
282	240
283	33
283	58
283	59
283	81
283	84
283	101
283	113
283	134
283	140
283	212
283	214
283	224
283	237
283	240
283	253
283	256
283	266
283	297
284	30
284	61
284	63
284	64
284	71
284	74
284	112
284	125
284	134
284	140
284	175
284	191
284	197
284	212
284	214
284	240
284	297
285	2
285	16
285	18
285	27
285	47
285	49
285	55
285	58
285	59
285	61
285	64
285	67
285	69
285	74
285	75
285	76
285	78
285	79
285	81
285	84
285	86
285	87
285	88
285	89
285	90
285	102
285	112
285	113
285	119
285	125
285	126
285	130
285	134
285	135
285	142
285	144
285	156
285	175
285	177
285	178
285	186
285	188
285	191
285	198
285	215
285	222
285	239
285	240
285	251
285	253
285	256
285	257
285	264
285	266
285	270
285	272
285	276
285	288
285	297
286	33
286	56
286	68
286	72
286	74
286	76
286	87
286	113
286	126
286	130
286	144
286	156
286	185
286	212
286	251
286	253
286	259
286	264
286	288
287	1
287	11
287	14
287	24
287	34
287	40
287	104
287	105
287	127
287	166
287	167
287	168
287	178
287	232
287	248
287	265
287	272
287	280
287	299
288	2
288	18
288	21
288	27
288	56
288	58
288	59
288	61
288	63
288	64
288	69
288	71
288	76
288	78
288	81
288	84
288	86
288	88
288	89
288	91
288	94
288	95
288	97
288	113
288	118
288	125
288	130
288	177
288	182
288	186
288	191
288	197
288	222
288	240
288	251
288	253
288	256
288	285
288	286
289	1
289	7
289	11
289	14
289	68
289	96
289	120
289	121
289	124
289	153
289	167
289	168
289	180
289	205
289	209
289	214
289	228
289	260
289	267
289	281
289	293
289	295
289	296
289	300
290	4
290	10
290	17
290	29
290	39
290	51
290	82
290	92
290	94
290	96
290	117
290	132
290	141
290	149
290	150
290	155
290	158
290	159
290	164
290	173
290	187
290	196
290	200
290	203
290	207
290	208
290	209
290	216
290	218
290	219
290	221
290	223
290	226
290	229
290	267
290	268
290	269
290	271
290	275
290	278
290	279
290	292
290	294
290	299
291	18
291	56
291	59
291	61
291	64
291	67
291	74
291	89
291	113
291	134
291	175
291	176
291	182
291	215
291	222
291	225
291	234
291	256
291	259
291	264
291	276
291	297
292	4
292	6
292	35
292	39
292	117
292	128
292	159
292	164
292	187
292	196
292	207
292	208
292	216
292	218
292	229
292	249
292	271
292	290
292	294
292	299
293	6
293	7
293	13
293	15
293	30
293	36
293	45
293	50
293	53
293	57
293	66
293	104
293	111
293	124
293	151
293	154
293	168
293	169
293	194
293	209
293	213
293	230
293	265
293	276
293	279
293	281
293	289
293	296
294	4
294	10
294	51
294	70
294	83
294	94
294	132
294	150
294	155
294	158
294	159
294	164
294	187
294	192
294	196
294	203
294	207
294	208
294	216
294	218
294	219
294	221
294	223
294	229
294	230
294	249
294	268
294	269
294	271
294	278
294	290
294	292
294	299
295	1
295	8
295	12
295	13
295	24
295	30
295	32
295	66
295	120
295	121
295	122
295	154
295	168
295	195
295	201
295	210
295	229
295	230
295	289
296	5
296	6
296	8
296	13
296	14
296	19
296	20
296	24
296	30
296	41
296	43
296	45
296	96
296	107
296	110
296	111
296	121
296	122
296	127
296	139
296	153
296	157
296	162
296	163
296	176
296	179
296	194
296	199
296	204
296	206
296	212
296	230
296	238
296	242
296	258
296	259
296	267
296	280
296	289
296	293
296	300
297	14
297	18
297	20
297	21
297	47
297	55
297	56
297	59
297	63
297	69
297	84
297	102
297	118
297	130
297	134
297	135
297	144
297	170
297	212
297	225
297	234
297	247
297	251
297	254
297	259
297	270
297	283
297	284
297	285
297	291
298	3
298	22
298	28
298	44
298	46
298	70
298	77
298	85
298	93
298	106
298	115
298	116
298	123
298	190
298	202
298	207
298	217
298	220
298	227
298	233
298	235
298	236
298	241
298	243
298	244
298	258
299	10
299	17
299	39
299	51
299	82
299	83
299	92
299	93
299	94
299	108
299	117
299	132
299	146
299	155
299	158
299	159
299	160
299	161
299	164
299	173
299	187
299	192
299	196
299	200
299	203
299	207
299	208
299	229
299	261
299	269
299	271
299	275
299	287
299	290
299	292
299	294
300	8
300	11
300	14
300	23
300	24
300	31
300	36
300	43
300	57
300	100
300	103
300	110
300	120
300	121
300	122
300	136
300	153
300	154
300	171
300	176
300	178
300	210
300	217
300	242
300	258
300	272
300	281
300	289
300	296
