1	5
1	25
1	76
1	82
1	100
1	131
1	191
1	210
1	238
1	252
1	258
1	259
1	270
1	271
1	275
1	287
1	298
2	16
2	20
2	27
2	29
2	30
2	31
2	43
2	50
2	67
2	70
2	81
2	85
2	87
2	103
2	126
2	143
2	160
2	185
2	187
2	195
2	201
2	208
2	216
2	220
2	229
2	234
2	251
2	261
2	265
2	268
2	277
2	284
2	291
2	292
3	4
3	17
3	38
3	46
3	48
3	49
3	56
3	60
3	61
3	62
3	63
3	69
3	71
3	73
3	85
3	95
3	101
3	104
3	117
3	119
3	121
3	142
3	147
3	158
3	162
3	165
3	166
3	177
3	189
3	199
3	206
3	219
3	230
3	240
3	244
3	260
3	277
3	278
3	281
3	285
3	286
4	3
4	15
4	17
4	31
4	35
4	46
4	47
4	61
4	63
4	66
4	73
4	86
4	95
4	97
4	101
4	106
4	110
4	117
4	130
4	139
4	141
4	162
4	174
4	179
4	183
4	189
4	193
4	199
4	214
4	219
4	240
4	244
4	260
4	267
4	269
4	278
4	294
4	299
5	1
5	6
5	17
5	25
5	72
5	82
5	89
5	100
5	135
5	199
5	202
5	210
5	215
5	243
5	259
5	263
5	271
5	282
5	287
6	5
6	7
6	18
6	25
6	29
6	32
6	41
6	57
6	70
6	72
6	75
6	82
6	89
6	91
6	94
6	96
6	100
6	104
6	105
6	108
6	109
6	111
6	124
6	135
6	145
6	152
6	155
6	159
6	171
6	186
6	188
6	191
6	194
6	207
6	210
6	212
6	218
6	238
6	243
6	252
6	259
6	263
6	270
6	271
6	275
6	280
6	281
6	286
6	287
6	292
7	6
7	11
7	35
7	44
7	46
7	60
7	61
7	92
7	95
7	117
7	130
7	144
7	147
7	162
7	169
7	171
7	175
7	176
7	178
7	179
7	182
7	194
7	199
7	200
7	230
7	276
7	278
7	282
8	14
8	22
8	28
8	48
8	70
8	81
8	83
8	86
8	113
8	116
8	133
8	140
8	142
8	146
8	148
8	169
8	172
8	174
8	181
8	199
8	203
8	213
8	224
8	228
8	231
8	237
8	241
8	247
8	249
8	256
8	257
8	265
8	276
8	279
8	293
8	296
9	17
9	21
9	42
9	61
9	63
9	80
9	81
9	84
9	88
9	103
9	117
9	125
9	157
9	169
9	178
9	179
9	183
9	193
9	196
9	212
9	230
9	249
9	288
9	294
9	297
10	26
10	46
10	65
10	71
10	93
10	108
10	131
10	132
10	172
10	180
10	196
10	225
10	254
10	272
10	273
10	278
10	281
11	7
11	16
11	20
11	24
11	31
11	43
11	45
11	53
11	67
11	68
11	86
11	93
11	103
11	119
11	127
11	133
11	143
11	144
11	150
11	161
11	173
11	188
11	192
11	193
11	217
11	234
11	265
11	284
12	33
12	54
12	59
12	62
12	66
12	70
12	114
12	128
12	148
12	181
12	190
12	195
12	203
12	222
12	224
12	231
12	232
12	266
12	290
12	293
12	299
13	16
13	18
13	19
13	40
13	44
13	52
13	62
13	71
13	73
13	78
13	80
13	88
13	95
13	131
13	134
13	147
13	151
13	157
13	162
13	177
13	179
13	183
13	193
13	200
13	201
13	210
13	219
13	246
13	251
13	278
13	281
13	297
13	298
14	8
14	28
14	59
14	62
14	70
14	86
14	87
14	99
14	142
14	166
14	222
14	223
14	236
14	249
14	268
14	272
14	279
14	300
15	4
15	18
15	28
15	44
15	72
15	82
15	124
15	194
15	210
15	215
15	224
15	238
15	252
15	259
15	263
15	280
15	286
15	287
16	2
16	11
16	13
16	46
16	60
16	78
16	88
16	95
16	106
16	108
16	117
16	128
16	131
16	138
16	146
16	147
16	163
16	175
16	219
16	239
16	251
16	281
16	289
17	3
17	4
17	5
17	9
17	22
17	37
17	43
17	44
17	49
17	50
17	52
17	63
17	69
17	73
17	103
17	105
17	106
17	115
17	117
17	121
17	129
17	132
17	139
17	140
17	153
17	159
17	163
17	164
17	169
17	171
17	178
17	179
17	184
17	199
17	202
17	206
17	225
17	245
17	246
17	251
17	267
17	278
17	285
17	289
17	290
17	294
17	298
18	6
18	13
18	15
18	41
18	48
18	57
18	75
18	82
18	89
18	91
18	100
18	102
18	109
18	112
18	124
18	129
18	135
18	144
18	153
18	191
18	209
18	210
18	215
18	236
18	238
18	243
18	252
18	258
18	259
18	273
18	274
18	275
18	277
18	286
19	13
19	23
19	28
19	62
19	64
19	68
19	70
19	83
19	86
19	107
19	113
19	128
19	133
19	140
19	148
19	156
19	158
19	163
19	166
19	167
19	180
19	190
19	213
19	223
19	228
19	231
19	232
19	235
19	260
19	276
19	283
19	295
19	299
19	300
20	2
20	11
20	21
20	23
20	24
20	29
20	70
20	81
20	85
20	97
20	141
20	144
20	187
20	188
20	192
20	197
20	198
20	201
20	208
20	229
20	231
20	233
20	241
20	251
20	284
20	287
21	9
21	20
21	23
21	29
21	43
21	53
21	67
21	81
21	85
21	90
21	93
21	96
21	132
21	144
21	151
21	188
21	234
21	250
21	265
21	268
21	296
22	8
22	17
22	28
22	48
22	51
22	70
22	116
22	118
22	128
22	136
22	147
22	148
22	166
22	181
22	200
22	209
22	213
22	224
22	228
22	235
22	248
22	249
22	255
22	266
22	279
22	283
22	295
22	296
23	19
23	20
23	21
23	24
23	27
23	66
23	67
23	68
23	81
23	85
23	103
23	112
23	119
23	127
23	141
23	144
23	151
23	160
23	161
23	183
23	187
23	192
23	196
23	223
23	241
23	261
23	267
23	268
23	269
23	284
23	298
24	11
24	20
24	23
24	38
24	81
24	87
24	102
24	103
24	112
24	141
24	149
24	157
24	160
24	161
24	173
24	201
24	216
24	217
24	261
25	1
25	5
25	6
25	48
25	75
25	79
25	82
25	88
25	89
25	91
25	94
25	95
25	96
25	105
25	111
25	117
25	124
25	136
25	155
25	159
25	174
25	177
25	191
25	194
25	207
25	210
25	218
25	252
25	259
25	263
25	270
25	271
25	273
25	274
25	275
25	280
25	286
25	287
26	10
26	35
26	37
26	46
26	54
26	60
26	73
26	95
26	106
26	108
26	129
26	131
26	148
26	171
26	174
26	178
26	181
26	186
26	207
26	230
26	254
26	285
27	2
27	23
27	29
27	43
27	56
27	68
27	84
27	85
27	93
27	114
27	141
27	144
27	161
27	199
27	202
27	214
27	216
27	233
27	250
27	265
27	268
27	284
27	292
28	8
28	14
28	15
28	19
28	22
28	59
28	70
28	100
28	101
28	113
28	128
28	133
28	156
28	223
28	225
28	226
28	228
28	231
28	232
28	249
28	253
28	255
28	279
29	2
29	6
29	20
29	21
29	27
29	31
29	43
29	45
29	53
29	63
29	67
29	68
29	85
29	93
29	107
29	112
29	123
29	126
29	132
29	143
29	144
29	153
29	160
29	161
29	168
29	187
29	188
29	197
29	198
29	201
29	202
29	204
29	205
29	214
29	216
29	220
29	229
29	240
29	241
29	250
29	254
29	261
29	265
29	268
29	269
29	270
29	291
29	292
29	295
30	2
30	60
30	66
30	70
30	71
30	81
30	88
30	99
30	131
30	164
30	171
30	178
30	183
30	225
30	230
30	237
30	251
30	254
31	2
31	4
31	11
31	29
31	45
31	73
31	85
31	90
31	93
31	101
31	103
31	112
31	122
31	126
31	127
31	141
31	143
31	144
31	150
31	161
31	168
31	169
31	173
31	185
31	186
31	202
31	204
31	208
31	216
31	241
31	258
31	259
31	261
31	262
31	284
31	289
31	291
31	292
32	6
32	41
32	75
32	82
32	89
32	100
32	102
32	105
32	111
32	115
32	145
32	149
32	193
32	201
32	209
32	218
32	236
32	238
32	252
32	258
32	268
32	270
32	277
32	287
33	12
33	77
33	78
33	83
33	90
33	95
33	118
33	125
33	140
33	148
33	181
33	189
33	213
33	222
33	223
33	231
33	249
33	279
33	296
33	300
34	35
34	44
34	49
34	60
34	88
34	95
34	129
34	141
34	142
34	143
34	165
34	168
34	179
34	180
34	182
34	200
34	206
34	219
34	242
34	278
34	281
35	4
35	7
35	26
35	34
35	39
35	48
35	52
35	56
35	58
35	62
35	66
35	78
35	90
35	92
35	93
35	99
35	106
35	108
35	129
35	131
35	149
35	174
35	179
35	180
35	189
35	212
35	220
35	238
35	245
35	251
35	281
35	297
36	44
36	45
36	46
36	52
36	65
36	97
36	98
36	99
36	107
36	115
36	117
36	118
36	121
36	147
36	156
36	162
36	172
36	178
36	189
36	191
36	200
36	202
36	251
36	285
37	17
37	26
37	48
37	50
37	61
37	66
37	95
37	97
37	98
37	106
37	108
37	115
37	128
37	180
37	183
37	209
37	230
37	251
37	254
38	3
38	24
38	40
38	42
38	44
38	67
38	69
38	80
38	104
38	106
38	130
38	134
38	164
38	180
38	212
38	224
38	245
38	265
38	267
38	297
39	35
39	49
39	52
39	53
39	106
39	131
39	132
39	137
39	153
39	173
39	176
39	182
39	184
39	219
39	230
39	242
39	271
39	275
39	285
40	13
40	38
40	43
40	46
40	49
40	50
40	52
40	55
40	61
40	63
40	66
40	71
40	73
40	78
40	92
40	93
40	95
40	98
40	99
40	104
40	106
40	107
40	108
40	114
40	115
40	121
40	137
40	138
40	149
40	162
40	171
40	174
40	175
40	178
40	179
40	180
40	183
40	184
40	200
40	205
40	207
40	219
40	225
40	241
40	246
40	251
40	259
40	261
40	263
40	268
40	270
40	278
40	279
40	280
40	281
40	282
40	288
41	6
41	18
41	32
41	57
41	80
41	109
41	111
41	121
41	124
41	147
41	155
41	183
41	191
41	194
41	210
41	243
41	259
41	263
41	273
42	9
42	38
42	50
42	61
42	78
42	83
42	98
42	99
42	103
42	110
42	114
42	132
42	138
42	148
42	149
42	153
42	172
42	175
42	177
42	180
42	183
42	193
42	199
42	219
42	221
42	251
42	266
42	267
42	283
42	288
42	294
42	297
43	2
43	11
43	17
43	21
43	27
43	29
43	40
43	65
43	67
43	68
43	81
43	85
43	93
43	96
43	112
43	119
43	126
43	127
43	140
43	141
43	143
43	144
43	150
43	151
43	160
43	161
43	173
43	177
43	182
43	185
43	188
43	201
43	205
43	208
43	214
43	217
43	233
43	241
43	250
43	265
43	269
43	272
43	284
43	291
43	296
44	7
44	13
44	15
44	17
44	34
44	36
44	38
44	58
44	65
44	69
44	71
44	72
44	129
44	134
44	147
44	163
44	170
44	178
44	179
44	180
44	184
44	199
44	211
44	221
44	245
44	257
44	266
44	281
45	11
45	29
45	31
45	36
45	51
45	53
45	68
45	103
45	119
45	122
45	141
45	185
45	214
45	225
45	241
45	261
45	265
45	280
46	3
46	4
46	7
46	10
46	16
46	26
46	36
46	40
46	50
46	51
46	53
46	58
46	59
46	61
46	62
46	65
46	67
46	78
46	81
46	92
46	95
46	98
46	106
46	121
46	134
46	138
46	169
46	170
46	171
46	175
46	179
46	180
46	191
46	193
46	196
46	199
46	211
46	244
46	278
46	284
47	4
47	52
47	56
47	58
47	63
47	73
47	81
47	106
47	108
47	121
47	122
47	133
47	183
47	188
47	189
47	199
47	282
48	3
48	8
48	18
48	22
48	25
48	35
48	37
48	54
48	62
48	64
48	70
48	74
48	76
48	79
48	86
48	106
48	113
48	116
48	133
48	136
48	146
48	166
48	167
48	179
48	203
48	223
48	224
48	227
48	228
48	232
48	244
48	248
48	249
48	256
48	257
48	264
48	272
48	279
48	283
48	293
48	296
49	3
49	17
49	34
49	39
49	40
49	50
49	51
49	52
49	55
49	60
49	70
49	71
49	73
49	84
49	104
49	105
49	106
49	120
49	121
49	123
49	131
49	134
49	137
49	143
49	157
49	158
49	162
49	172
49	175
49	176
49	189
49	193
49	194
49	199
49	201
49	212
49	219
49	239
49	249
49	250
49	254
49	278
49	288
49	300
50	2
50	17
50	37
50	40
50	42
50	46
50	49
50	52
50	73
50	92
50	98
50	103
50	107
50	108
50	114
50	118
50	121
50	123
50	131
50	151
50	167
50	171
50	178
50	179
50	193
50	196
50	200
50	212
50	261
50	282
50	298
51	22
51	45
51	46
51	49
51	81
51	86
51	87
51	90
51	93
51	103
51	122
51	127
51	143
51	144
51	150
51	151
51	160
51	161
51	173
51	187
51	192
51	193
51	201
51	202
51	204
51	205
51	232
51	250
51	252
51	265
51	269
51	291
51	292
52	13
52	17
52	35
52	36
52	39
52	40
52	47
52	49
52	50
52	55
52	57
52	66
52	80
52	94
52	95
52	106
52	108
52	129
52	131
52	144
52	149
52	152
52	158
52	171
52	172
52	174
52	178
52	179
52	193
52	196
52	200
52	224
52	244
52	255
52	284
52	285
52	297
53	11
53	21
53	29
53	39
53	45
53	46
53	81
53	85
53	87
53	88
53	93
53	103
53	119
53	126
53	127
53	139
53	141
53	144
53	151
53	160
53	161
53	168
53	173
53	188
53	197
53	205
53	211
53	220
53	233
53	241
53	261
53	265
53	269
53	270
53	278
53	291
53	292
54	12
54	26
54	48
54	59
54	62
54	64
54	70
54	76
54	87
54	102
54	106
54	113
54	128
54	132
54	140
54	148
54	178
54	213
54	222
54	228
54	231
54	232
54	256
54	264
54	272
54	276
54	279
54	296
55	40
55	49
55	52
55	73
55	86
55	88
55	106
55	121
55	162
55	178
55	193
55	196
55	240
55	242
55	250
55	259
55	278
56	3
56	27
56	35
56	47
56	98
56	111
56	113
56	114
56	121
56	134
56	147
56	149
56	163
56	179
56	182
56	193
56	201
56	251
56	254
57	6
57	18
57	41
57	52
57	72
57	75
57	89
57	91
57	94
57	96
57	100
57	105
57	124
57	133
57	149
57	171
57	186
57	194
57	209
57	210
57	215
57	229
57	236
57	243
57	252
57	263
57	271
57	274
57	277
57	280
57	294
58	35
58	44
58	46
58	47
58	69
58	106
58	107
58	108
58	112
58	114
58	149
58	165
58	178
58	179
58	193
58	227
58	228
58	239
58	285
58	291
58	294
59	12
59	14
59	28
59	46
59	54
59	62
59	64
59	74
59	76
59	79
59	85
59	86
59	88
59	113
59	125
59	128
59	133
59	146
59	148
59	156
59	164
59	166
59	178
59	181
59	199
59	213
59	221
59	223
59	224
59	227
59	231
59	235
59	237
59	240
59	241
59	243
59	247
59	249
59	253
59	257
59	260
59	264
59	266
59	272
59	279
59	282
59	293
59	295
59	296
59	299
59	300
60	3
60	7
60	16
60	26
60	30
60	34
60	49
60	67
60	73
60	106
60	148
60	160
60	162
60	171
60	183
60	212
60	236
60	267
60	281
61	3
61	4
61	7
61	9
61	37
61	40
61	42
61	46
61	69
61	75
61	78
61	95
61	104
61	110
61	113
61	131
61	138
61	153
61	157
61	158
61	159
61	161
61	162
61	164
61	172
61	176
61	224
61	225
61	238
61	239
61	242
61	244
61	246
61	251
61	262
61	279
61	281
61	298
62	3
62	12
62	13
62	14
62	19
62	35
62	46
62	48
62	54
62	59
62	74
62	76
62	86
62	90
62	113
62	118
62	125
62	128
62	133
62	136
62	145
62	148
62	166
62	182
62	213
62	226
62	228
62	231
62	232
62	237
62	248
62	249
62	253
62	255
62	260
62	279
62	295
62	300
63	3
63	4
63	9
63	17
63	29
63	40
63	47
63	73
63	88
63	93
63	149
63	171
63	178
63	182
63	212
63	242
63	286
64	19
64	48
64	54
64	59
64	83
64	113
64	130
64	139
64	188
64	190
64	203
64	221
64	222
64	224
64	232
64	249
64	255
64	257
64	276
64	279
64	291
64	295
64	296
65	10
65	36
65	43
65	44
65	46
65	66
65	73
65	80
65	85
65	98
65	129
65	131
65	134
65	165
65	183
65	184
65	199
65	213
65	242
65	265
65	278
65	279
66	4
66	12
66	23
66	30
66	35
66	37
66	40
66	52
66	65
66	69
66	80
66	83
66	86
66	110
66	129
66	132
66	134
66	162
66	172
66	180
66	183
66	192
66	199
66	230
66	253
66	290
66	294
67	2
67	11
67	21
67	23
67	29
67	38
67	43
67	46
67	60
67	81
67	85
67	93
67	119
67	127
67	150
67	160
67	161
67	173
67	188
67	216
67	219
67	221
67	229
67	261
67	262
67	265
67	268
67	292
68	11
68	19
68	23
68	27
68	29
68	43
68	45
68	73
68	81
68	87
68	103
68	119
68	122
68	141
68	143
68	150
68	158
68	160
68	166
68	184
68	187
68	188
68	192
68	197
68	201
68	204
68	215
68	216
68	233
68	241
68	242
68	250
68	261
68	284
69	3
69	17
69	38
69	44
69	58
69	61
69	66
69	73
69	76
69	78
69	84
69	98
69	106
69	121
69	125
69	129
69	130
69	131
69	132
69	138
69	149
69	158
69	164
69	169
69	178
69	179
69	180
69	182
69	184
69	189
69	193
69	199
69	200
69	213
69	222
69	240
69	241
69	251
69	263
69	268
69	281
69	293
69	294
69	296
69	298
70	2
70	6
70	8
70	12
70	14
70	19
70	20
70	22
70	28
70	30
70	48
70	49
70	54
70	76
70	86
70	118
70	128
70	130
70	136
70	142
70	162
70	167
70	181
70	203
70	208
70	213
70	222
70	223
70	224
70	226
70	228
70	232
70	249
70	255
70	260
70	264
70	266
70	272
70	276
70	279
70	296
70	299
71	3
71	10
71	13
71	30
71	40
71	44
71	49
71	73
71	108
71	113
71	117
71	120
71	162
71	165
71	172
71	173
71	182
71	183
71	199
71	200
71	212
71	215
71	228
71	240
71	278
71	299
72	5
72	6
72	15
72	44
72	57
72	82
72	89
72	91
72	96
72	100
72	105
72	136
72	145
72	152
72	155
72	184
72	191
72	194
72	202
72	209
72	215
72	243
72	244
72	259
72	263
72	271
72	277
72	280
73	3
73	4
73	13
73	17
73	26
73	31
73	40
73	47
73	49
73	50
73	55
73	60
73	63
73	65
73	68
73	69
73	71
73	78
73	83
73	95
73	99
73	101
73	106
73	108
73	121
73	123
73	129
73	134
73	137
73	138
73	139
73	147
73	148
73	149
73	154
73	160
73	169
73	170
73	171
73	179
73	182
73	193
73	196
73	199
73	203
73	211
73	216
73	220
73	225
73	230
73	235
73	240
73	245
73	251
73	259
73	264
73	268
73	294
74	48
74	59
74	62
74	113
74	121
74	128
74	142
74	148
74	167
74	168
74	173
74	213
74	223
74	224
74	249
74	254
74	272
74	283
75	6
75	18
75	25
75	32
75	57
75	61
75	89
75	96
75	100
75	124
75	144
75	191
75	198
75	201
75	209
75	210
75	243
75	259
75	263
75	286
75	287
76	1
76	48
76	54
76	59
76	62
76	69
76	70
76	86
76	113
76	128
76	198
76	212
76	232
76	237
76	253
76	260
76	276
76	296
76	299
77	33
77	85
77	86
77	128
77	133
77	136
77	142
77	146
77	155
77	157
77	213
77	231
77	232
77	235
77	239
77	249
77	257
77	272
77	296
77	299
78	13
78	16
78	33
78	35
78	40
78	42
78	46
78	61
78	69
78	73
78	88
78	97
78	106
78	108
78	124
78	128
78	129
78	164
78	177
78	183
78	219
78	240
78	246
78	252
78	261
78	281
78	298
79	25
79	48
79	59
79	83
79	86
79	134
79	146
79	190
79	223
79	247
79	249
79	251
79	276
79	279
79	288
79	293
79	296
79	299
79	300
80	9
80	13
80	38
80	41
80	52
80	65
80	66
80	108
80	117
80	121
80	134
80	135
80	139
80	140
80	157
80	184
80	196
80	213
80	251
80	281
81	2
81	8
81	9
81	20
81	21
81	23
81	24
81	30
81	43
81	46
81	47
81	51
81	53
81	67
81	68
81	87
81	88
81	90
81	93
81	103
81	112
81	119
81	126
81	127
81	141
81	143
81	144
81	151
81	160
81	168
81	175
81	185
81	187
81	188
81	192
81	195
81	199
81	202
81	204
81	214
81	216
81	228
81	229
81	233
81	240
81	241
81	251
81	262
81	265
81	268
81	284
81	289
81	291
81	292
82	1
82	5
82	6
82	15
82	18
82	25
82	32
82	72
82	89
82	94
82	100
82	105
82	108
82	109
82	112
82	121
82	124
82	159
82	169
82	186
82	191
82	194
82	209
82	210
82	212
82	214
82	218
82	236
82	238
82	252
82	259
82	263
82	271
82	280
82	281
82	286
82	298
83	8
83	19
83	33
83	42
83	64
83	66
83	73
83	79
83	86
83	95
83	136
83	142
83	148
83	181
83	203
83	213
83	222
83	232
83	255
83	276
83	279
83	290
83	296
83	300
84	9
84	27
84	49
84	69
84	88
84	110
84	129
84	138
84	157
84	177
84	179
84	184
84	196
84	214
84	242
84	245
84	271
85	2
85	3
85	20
85	21
85	23
85	27
85	29
85	31
85	43
85	53
85	59
85	65
85	67
85	77
85	90
85	93
85	103
85	112
85	115
85	119
85	122
85	126
85	127
85	141
85	144
85	151
85	160
85	168
85	175
85	185
85	187
85	188
85	195
85	197
85	198
85	200
85	201
85	202
85	205
85	208
85	216
85	217
85	220
85	238
85	241
85	250
85	261
85	265
85	268
85	269
85	270
85	281
85	284
85	285
85	291
86	4
86	8
86	11
86	14
86	19
86	48
86	51
86	55
86	59
86	62
86	66
86	70
86	76
86	77
86	79
86	83
86	113
86	125
86	128
86	136
86	142
86	146
86	148
86	190
86	193
86	213
86	223
86	224
86	231
86	235
86	247
86	248
86	253
86	256
86	264
86	272
86	276
86	278
86	279
86	281
86	283
86	300
87	2
87	14
87	24
87	51
87	53
87	54
87	68
87	81
87	119
87	126
87	127
87	144
87	151
87	161
87	205
87	208
87	233
87	234
87	241
87	249
87	261
87	265
87	279
88	9
88	13
88	16
88	25
88	30
88	34
88	53
88	55
88	59
88	63
88	78
88	81
88	84
88	92
88	97
88	107
88	108
88	119
88	132
88	134
88	138
88	162
88	172
88	174
88	176
88	184
88	193
88	199
88	208
88	225
88	239
88	249
88	254
88	281
88	282
88	287
88	290
88	294
89	5
89	6
89	18
89	25
89	32
89	57
89	72
89	75
89	82
89	94
89	96
89	100
89	102
89	106
89	109
89	111
89	117
89	124
89	134
89	135
89	145
89	152
89	159
89	162
89	172
89	178
89	186
89	191
89	194
89	209
89	210
89	212
89	215
89	218
89	236
89	238
89	242
89	243
89	246
89	252
89	259
89	263
89	270
89	271
89	273
89	274
89	280
89	282
89	286
89	287
90	21
90	31
90	33
90	35
90	51
90	62
90	81
90	85
90	93
90	119
90	144
90	151
90	160
90	161
90	168
90	201
90	208
90	213
90	217
90	250
90	261
90	291
91	6
91	18
91	25
91	57
91	72
91	92
91	98
91	100
91	152
91	172
91	192
91	194
91	207
91	209
91	243
91	252
91	259
91	263
91	271
91	273
91	274
91	277
91	280
91	285
91	287
92	7
92	35
92	40
92	46
92	50
92	88
92	91
92	97
92	98
92	120
92	143
92	149
92	175
92	176
92	179
92	180
92	206
92	209
92	245
92	262
92	281
92	300
93	10
93	11
93	21
93	27
93	29
93	31
93	35
93	40
93	43
93	51
93	53
93	63
93	67
93	81
93	85
93	90
93	103
93	107
93	112
93	119
93	122
93	127
93	134
93	137
93	141
93	143
93	144
93	151
93	160
93	168
93	187
93	192
93	197
93	198
93	205
93	208
93	220
93	233
93	234
93	254
93	261
93	265
93	269
93	284
93	292
93	297
94	6
94	25
94	52
94	57
94	82
94	89
94	135
94	139
94	185
94	209
94	215
94	243
94	252
94	259
94	270
94	273
94	275
95	3
95	4
95	7
95	13
95	16
95	25
95	26
95	33
95	34
95	37
95	40
95	46
95	52
95	61
95	73
95	83
95	97
95	99
95	101
95	104
95	106
95	107
95	108
95	115
95	117
95	129
95	130
95	132
95	134
95	139
95	141
95	148
95	149
95	156
95	157
95	162
95	163
95	165
95	177
95	178
95	182
95	183
95	184
95	193
95	199
95	219
95	222
95	225
95	230
95	240
95	241
95	253
95	261
95	272
95	278
95	281
95	282
95	285
95	295
96	6
96	21
96	25
96	43
96	57
96	72
96	75
96	89
96	100
96	122
96	124
96	152
96	191
96	194
96	209
96	210
96	215
96	217
96	236
96	252
96	259
96	263
97	4
97	20
97	36
97	37
97	78
97	88
97	92
97	95
97	105
97	106
97	107
97	131
97	134
97	162
97	182
97	191
97	192
97	196
97	200
97	201
97	281
97	288
98	36
98	37
98	40
98	42
98	46
98	50
98	56
98	65
98	69
98	91
98	92
98	103
98	104
98	106
98	121
98	131
98	134
98	162
98	163
98	179
98	183
98	192
98	209
98	212
98	223
98	232
98	244
98	246
98	267
98	274
98	281
98	288
99	14
99	30
99	35
99	36
99	40
99	42
99	73
99	95
99	102
99	104
99	108
99	121
99	134
99	152
99	169
99	184
99	225
99	242
99	251
99	282
99	285
99	295
99	297
100	1
100	5
100	6
100	18
100	28
100	32
100	57
100	72
100	75
100	82
100	89
100	91
100	96
100	105
100	109
100	111
100	113
100	124
100	135
100	145
100	146
100	155
100	159
100	165
100	179
100	182
100	207
100	209
100	210
100	215
100	236
100	238
100	242
100	243
100	245
100	252
100	258
100	259
100	270
100	271
100	274
100	275
100	277
100	286
101	3
101	4
101	28
101	31
101	73
101	95
101	106
101	110
101	124
101	162
101	164
101	175
101	180
101	183
101	196
101	290
101	300
102	18
102	24
102	32
102	54
102	89
102	99
102	105
102	124
102	141
102	186
102	194
102	215
102	236
102	259
102	263
102	273
102	287
103	2
103	9
103	11
103	17
103	23
103	24
103	31
103	42
103	45
103	50
103	51
103	53
103	68
103	81
103	85
103	93
103	98
103	122
103	127
103	140
103	141
103	143
103	144
103	150
103	151
103	160
103	161
103	173
103	178
103	185
103	188
103	192
103	195
103	198
103	201
103	202
103	205
103	212
103	216
103	220
103	233
103	241
103	249
103	250
103	262
103	284
103	289
103	292
104	3
104	6
104	38
104	40
104	49
104	61
104	95
104	98
104	99
104	107
104	113
104	131
104	172
104	178
104	183
104	188
104	217
104	219
104	245
104	251
104	278
105	6
105	17
105	25
105	32
105	49
105	57
105	72
105	82
105	97
105	100
105	102
105	109
105	116
105	135
105	152
105	159
105	174
105	186
105	194
105	210
105	215
105	219
105	243
105	252
105	263
105	271
105	277
105	287
106	4
106	16
106	17
106	26
106	35
106	37
106	38
106	39
106	40
106	46
106	47
106	48
106	49
106	52
106	54
106	55
106	58
106	60
106	69
106	73
106	78
106	89
106	95
106	97
106	98
106	101
106	110
106	111
106	113
106	123
106	125
106	128
106	130
106	134
106	138
106	152
106	158
106	164
106	169
106	173
106	174
106	177
106	178
106	193
106	200
106	212
106	225
106	241
106	242
106	247
106	278
106	282
106	290
107	19
107	29
107	36
107	40
107	50
107	58
107	88
107	93
107	95
107	97
107	104
107	108
107	121
107	129
107	162
107	172
107	187
107	189
107	193
107	199
107	211
107	212
107	229
107	251
107	254
107	298
108	6
108	10
108	16
108	26
108	35
108	37
108	40
108	47
108	50
108	52
108	58
108	71
108	73
108	78
108	80
108	82
108	88
108	95
108	99
108	107
108	109
108	114
108	115
108	116
108	117
108	129
108	131
108	132
108	147
108	150
108	151
108	153
108	162
108	163
108	169
108	170
108	171
108	174
108	175
108	177
108	180
108	193
108	199
108	212
108	220
108	225
108	235
108	239
108	244
108	245
108	247
108	280
108	288
108	290
108	294
108	298
108	300
109	6
109	18
109	41
109	82
109	89
109	100
109	105
109	108
109	111
109	124
109	147
109	159
109	186
109	189
109	236
109	259
109	263
109	264
109	277
109	286
109	287
110	4
110	42
110	61
110	66
110	84
110	101
110	106
110	120
110	125
110	151
110	152
110	153
110	163
110	165
110	169
110	171
110	176
110	193
110	213
110	246
110	254
110	272
110	278
110	281
110	282
110	297
110	298
111	6
111	25
111	32
111	41
111	56
111	89
111	100
111	106
111	109
111	124
111	159
111	179
111	258
111	259
111	263
111	275
111	281
112	18
112	23
112	24
112	29
112	31
112	43
112	58
112	81
112	82
112	85
112	93
112	127
112	134
112	141
112	144
112	151
112	173
112	190
112	193
112	201
112	202
112	204
112	214
112	217
112	229
112	234
112	250
112	265
112	269
112	271
112	284
112	289
113	8
113	19
113	28
113	48
113	54
113	56
113	59
113	61
113	62
113	64
113	71
113	74
113	76
113	86
113	100
113	104
113	106
113	116
113	125
113	128
113	136
113	142
113	146
113	148
113	170
113	178
113	181
113	203
113	213
113	222
113	223
113	227
113	228
113	232
113	247
113	249
113	252
113	260
113	279
113	283
113	295
113	299
113	300
114	12
114	27
114	40
114	42
114	50
114	56
114	58
114	108
114	121
114	123
114	129
114	183
114	193
114	206
114	212
114	217
114	219
114	227
114	297
115	17
115	32
115	36
115	37
115	40
115	85
115	95
115	108
115	121
115	130
115	131
115	168
115	169
115	178
115	183
115	193
115	200
115	219
115	242
115	249
115	270
115	282
116	8
116	22
116	48
116	105
116	108
116	113
116	146
116	156
116	165
116	183
116	213
116	223
116	224
116	226
116	228
116	237
116	256
116	260
116	279
116	293
116	295
117	3
117	4
117	7
117	9
117	16
117	17
117	25
117	36
117	71
117	80
117	89
117	95
117	108
117	121
117	138
117	139
117	145
117	147
117	170
117	171
117	179
117	183
117	212
117	227
117	246
117	256
117	267
117	281
117	283
117	288
118	22
118	33
118	36
118	50
118	62
118	70
118	142
118	148
118	158
118	160
118	204
118	213
118	223
118	228
118	235
118	248
118	249
118	253
118	272
118	279
118	295
118	296
119	3
119	11
119	23
119	43
119	45
119	53
119	67
119	68
119	81
119	85
119	87
119	88
119	90
119	93
119	141
119	144
119	160
119	161
119	173
119	188
119	192
119	197
119	201
119	202
119	216
119	221
119	228
119	241
119	243
119	259
119	268
119	276
119	284
120	49
120	71
120	92
120	110
120	121
120	129
120	138
120	161
120	169
120	172
120	187
120	189
120	193
120	196
120	200
120	226
120	230
120	281
121	3
121	17
121	36
121	40
121	41
121	46
121	47
121	49
121	50
121	55
121	56
121	69
121	73
121	74
121	80
121	82
121	98
121	99
121	107
121	114
121	115
121	117
121	120
121	130
121	134
121	136
121	139
121	147
121	157
121	158
121	171
121	174
121	176
121	177
121	180
121	185
121	189
121	192
121	200
121	206
121	210
121	252
121	273
121	278
121	281
121	296
122	31
122	45
122	47
122	51
122	68
122	85
122	93
122	96
122	103
122	141
122	143
122	149
122	151
122	160
122	187
122	201
122	216
122	234
122	243
122	250
122	261
122	268
122	292
122	296
123	29
123	49
123	50
123	73
123	106
123	114
123	139
123	146
123	161
123	174
123	175
123	176
123	183
123	212
123	240
123	245
123	268
123	282
124	6
124	15
124	18
124	25
124	41
124	57
124	75
124	78
124	82
124	89
124	96
124	100
124	101
124	102
124	109
124	111
124	155
124	159
124	175
124	191
124	194
124	196
124	210
124	235
124	251
124	259
124	263
124	271
124	274
124	280
124	286
124	287
125	9
125	33
125	59
125	62
125	69
125	86
125	106
125	110
125	113
125	128
125	140
125	142
125	146
125	148
125	180
125	181
125	213
125	221
125	223
125	224
125	228
125	237
125	249
125	253
125	272
125	296
126	2
126	29
126	31
126	43
126	53
126	81
126	85
126	87
126	141
126	143
126	151
126	160
126	182
126	187
126	192
126	212
126	243
126	268
127	11
127	23
127	31
127	43
127	51
127	53
127	67
127	81
127	85
127	87
127	93
127	103
127	112
127	141
127	146
127	150
127	151
127	173
127	183
127	185
127	197
127	198
127	200
127	201
127	202
127	206
127	210
127	214
127	216
127	217
127	234
127	241
127	261
127	263
127	265
127	268
127	278
128	12
128	16
128	19
128	22
128	28
128	37
128	54
128	59
128	62
128	70
128	74
128	76
128	77
128	78
128	86
128	106
128	113
128	125
128	136
128	142
128	148
128	156
128	161
128	171
128	177
128	181
128	213
128	221
128	222
128	224
128	226
128	227
128	248
128	249
128	253
128	255
128	264
128	266
128	272
128	285
128	292
128	293
128	296
128	299
128	300
129	17
129	18
129	26
129	34
129	35
129	44
129	52
129	65
129	66
129	69
129	73
129	78
129	84
129	95
129	107
129	108
129	114
129	120
129	134
129	137
129	147
129	169
129	171
129	182
129	183
129	189
129	190
129	193
129	196
129	211
129	217
129	218
129	219
129	251
129	252
129	259
129	266
129	287
130	4
130	7
130	38
130	64
130	69
130	70
130	95
130	106
130	115
130	121
130	132
130	149
130	154
130	169
130	176
130	178
130	218
130	281
131	1
131	10
131	13
131	16
131	26
131	30
131	35
131	39
131	49
131	50
131	52
131	61
131	65
131	69
131	97
131	98
131	104
131	108
131	115
131	136
131	137
131	154
131	155
131	160
131	178
131	189
131	199
131	216
131	219
131	222
131	230
131	244
131	251
131	265
131	267
131	285
132	10
132	17
132	21
132	29
132	39
132	42
132	54
132	66
132	69
132	88
132	95
132	108
132	130
132	153
132	177
132	183
132	200
132	206
132	212
132	251
132	262
132	288
133	8
133	11
133	19
133	28
133	47
133	48
133	57
133	59
133	62
133	77
133	140
133	190
133	224
133	235
133	263
133	264
133	266
133	279
134	13
134	38
134	44
134	46
134	49
134	56
134	65
134	66
134	73
134	79
134	80
134	88
134	89
134	93
134	95
134	97
134	98
134	99
134	106
134	112
134	121
134	129
134	138
134	143
134	158
134	170
134	183
134	193
134	199
134	206
134	219
134	228
134	249
134	250
134	254
134	267
134	281
135	5
135	6
135	18
135	80
135	89
135	94
135	100
135	105
135	141
135	152
135	159
135	186
135	194
135	210
135	220
135	259
135	263
135	267
135	273
135	277
135	287
136	22
136	25
136	48
136	62
136	70
136	72
136	77
136	83
136	86
136	113
136	121
136	128
136	131
136	146
136	148
136	154
136	166
136	206
136	213
136	221
136	222
136	227
136	235
136	248
136	249
136	272
136	276
136	295
136	300
137	39
137	40
137	49
137	73
137	93
137	129
137	131
137	164
137	189
137	200
137	208
137	212
137	215
137	240
137	242
137	246
137	276
137	281
137	298
138	16
138	40
138	42
138	46
138	61
138	69
138	73
138	84
138	88
138	106
138	117
138	120
138	134
138	147
138	160
138	162
138	166
138	175
138	178
138	179
138	182
138	183
138	184
138	193
138	212
138	213
138	216
138	223
138	267
138	269
138	279
139	4
139	17
139	53
139	64
139	73
139	80
139	94
139	95
139	117
139	121
139	123
139	149
139	153
139	154
139	162
139	164
139	172
139	185
139	193
139	199
139	240
139	281
140	8
140	17
140	19
140	33
140	43
140	54
140	80
140	103
140	125
140	133
140	148
140	224
140	226
140	232
140	235
140	249
140	253
140	256
140	272
140	300
141	4
141	20
141	23
141	24
141	27
141	31
141	34
141	43
141	45
141	53
141	68
141	81
141	85
141	93
141	95
141	102
141	103
141	112
141	119
141	122
141	126
141	127
141	135
141	143
141	144
141	148
141	160
141	168
141	169
141	173
141	174
141	178
141	188
141	197
141	198
141	201
141	204
141	208
141	216
141	217
141	229
141	234
141	241
141	250
141	261
141	262
141	265
141	268
141	288
141	289
141	291
141	296
142	3
142	8
142	14
142	34
142	70
142	74
142	77
142	83
142	86
142	113
142	118
142	125
142	128
142	144
142	148
142	156
142	165
142	166
142	181
142	203
142	212
142	221
142	228
142	234
142	235
142	247
142	249
142	253
142	272
142	276
142	279
142	283
142	287
142	296
143	2
143	11
143	29
143	31
143	34
143	43
143	49
143	51
143	68
143	81
143	92
143	93
143	103
143	122
143	126
143	134
143	141
143	144
143	150
143	151
143	160
143	166
143	168
143	173
143	185
143	188
143	195
143	205
143	214
143	219
143	220
143	233
143	241
143	265
143	268
143	284
143	293
144	7
144	11
144	18
144	20
144	21
144	23
144	27
144	29
144	31
144	43
144	51
144	52
144	53
144	75
144	81
144	85
144	87
144	90
144	93
144	103
144	112
144	119
144	141
144	142
144	143
144	150
144	151
144	160
144	161
144	173
144	179
144	188
144	192
144	195
144	197
144	201
144	202
144	204
144	205
144	214
144	216
144	217
144	220
144	223
144	229
144	231
144	241
144	249
144	250
144	257
144	262
144	265
144	284
144	289
144	295
145	6
145	32
145	62
145	72
145	89
145	100
145	117
145	159
145	207
145	210
145	215
145	243
145	256
145	258
145	259
145	271
145	273
145	275
145	287
146	8
146	16
146	48
146	59
146	77
146	79
146	86
146	100
146	113
146	116
146	123
146	125
146	127
146	136
146	148
146	166
146	189
146	190
146	201
146	203
146	224
146	226
146	228
146	230
146	232
146	235
146	237
146	247
146	249
146	255
146	264
146	266
146	268
146	276
146	279
146	283
146	295
146	300
147	3
147	7
147	13
147	16
147	22
147	36
147	41
147	44
147	56
147	73
147	108
147	109
147	117
147	121
147	129
147	138
147	153
147	158
147	162
147	169
147	176
147	179
147	193
147	199
147	200
147	212
147	228
147	250
147	254
147	295
148	8
148	12
148	19
148	22
148	26
148	33
148	42
148	54
148	59
148	60
148	62
148	73
148	74
148	83
148	86
148	95
148	113
148	118
148	125
148	128
148	136
148	140
148	141
148	142
148	146
148	156
148	159
148	166
148	203
148	213
148	221
148	223
148	224
148	227
148	228
148	232
148	247
148	248
148	249
148	251
148	256
148	260
148	266
148	272
148	276
148	279
148	281
148	283
148	292
148	293
148	299
148	300
149	24
149	32
149	35
149	40
149	42
149	52
149	56
149	57
149	58
149	63
149	69
149	73
149	92
149	95
149	122
149	130
149	139
149	162
149	163
149	174
149	175
149	179
149	183
149	184
149	193
149	196
149	200
149	224
149	239
149	278
149	281
149	293
150	11
150	31
150	43
150	51
150	67
150	68
150	103
150	108
150	127
150	143
150	144
150	160
150	201
150	214
150	256
150	262
150	276
150	291
151	13
151	21
151	23
151	43
151	50
151	51
151	53
151	81
151	85
151	87
151	90
151	93
151	103
151	108
151	110
151	112
151	122
151	126
151	127
151	143
151	144
151	160
151	162
151	186
151	187
151	188
151	195
151	197
151	198
151	201
151	205
151	216
151	229
151	233
151	237
151	241
151	261
151	265
151	269
151	283
151	284
151	287
151	289
151	292
152	6
152	52
152	72
152	89
152	91
152	96
152	99
152	105
152	106
152	110
152	135
152	155
152	191
152	194
152	232
152	236
152	238
152	243
152	252
152	259
152	271
152	280
153	17
153	18
153	29
153	39
153	42
153	61
153	108
153	110
153	132
153	139
153	147
153	162
153	182
153	188
153	200
153	212
153	254
153	281
153	285
153	293
154	73
154	130
154	131
154	136
154	139
154	157
154	158
154	174
154	176
154	180
154	193
154	199
154	218
154	251
154	254
154	278
154	280
154	290
155	6
155	25
155	41
155	72
155	77
155	100
155	124
155	131
155	152
155	170
155	194
155	210
155	215
155	236
155	238
155	239
155	259
155	273
155	287
156	19
156	28
156	36
156	59
156	95
156	116
156	128
156	142
156	148
156	160
156	213
156	215
156	228
156	232
156	235
156	249
156	260
156	264
156	279
156	293
157	9
157	13
157	24
157	49
157	61
157	77
157	80
157	84
157	95
157	121
157	154
157	160
157	162
157	165
157	169
157	174
157	177
157	196
157	199
157	205
157	233
157	244
157	251
157	281
157	298
158	3
158	19
158	49
158	52
158	61
158	68
158	69
158	106
158	118
158	121
158	134
158	147
158	154
158	183
158	230
158	236
158	267
158	281
158	297
159	6
159	17
159	25
159	61
159	82
159	89
159	100
159	105
159	109
159	111
159	124
159	135
159	145
159	148
159	180
159	194
159	210
159	215
159	218
159	236
159	243
159	250
159	252
159	258
159	259
159	263
159	277
159	286
159	287
160	2
160	23
160	24
160	29
160	43
160	51
160	53
160	60
160	67
160	68
160	73
160	81
160	85
160	90
160	93
160	103
160	118
160	119
160	122
160	126
160	131
160	138
160	141
160	143
160	144
160	150
160	151
160	156
160	157
160	168
160	173
160	183
160	185
160	192
160	197
160	198
160	202
160	205
160	208
160	214
160	216
160	217
160	220
160	237
160	250
160	255
160	261
160	262
160	265
160	268
160	269
160	289
160	292
161	11
161	23
161	24
161	27
161	29
161	31
161	43
161	51
161	53
161	61
161	67
161	87
161	90
161	103
161	119
161	120
161	123
161	128
161	144
161	192
161	197
161	204
161	209
161	214
161	248
161	265
161	284
161	289
162	3
162	4
162	7
162	13
162	36
162	40
162	49
162	55
162	60
162	61
162	66
162	70
162	71
162	88
162	89
162	95
162	97
162	98
162	101
162	107
162	108
162	138
162	139
162	147
162	149
162	151
162	153
162	157
162	164
162	165
162	176
162	178
162	183
162	190
162	194
162	197
162	199
162	208
162	225
162	230
162	231
162	236
162	244
162	245
162	267
162	281
162	285
163	16
163	17
163	19
163	44
163	56
163	95
163	98
163	108
163	110
163	149
163	170
163	174
163	199
163	203
163	245
163	277
163	281
164	17
164	30
164	38
164	59
164	61
164	69
164	78
164	101
164	106
164	137
164	139
164	162
164	182
164	194
164	199
164	230
164	231
164	246
165	3
165	34
165	58
165	65
165	71
165	95
165	100
165	110
165	116
165	142
165	157
165	162
165	171
165	174
165	182
165	183
165	199
165	225
165	243
165	245
165	271
165	281
165	285
165	288
165	298
166	3
166	14
166	19
166	22
166	48
166	59
166	62
166	68
166	136
166	138
166	142
166	143
166	146
166	148
166	223
166	224
166	248
166	276
166	279
166	293
166	296
166	297
166	300
167	19
167	48
167	50
167	70
167	74
167	170
167	178
167	213
167	224
167	228
167	231
167	247
167	249
167	253
167	272
167	279
167	293
168	29
168	31
168	34
168	53
168	74
168	81
168	85
168	90
168	93
168	115
168	141
168	143
168	160
168	173
168	176
168	185
168	187
168	188
168	198
168	200
168	202
168	208
168	214
168	217
168	241
168	247
168	262
168	268
168	291
168	292
169	7
169	8
169	9
169	17
169	31
169	46
169	69
169	73
169	82
169	99
169	106
169	108
169	110
169	115
169	120
169	129
169	130
169	141
169	147
169	157
169	178
169	179
169	183
169	200
169	212
169	251
169	254
169	275
169	281
170	44
170	46
170	73
170	108
170	113
170	117
170	134
170	155
170	163
170	167
170	174
170	182
170	200
170	212
170	240
170	242
170	278
171	6
171	7
171	17
171	26
171	30
171	40
171	46
171	50
171	52
171	57
171	60
171	63
171	73
171	108
171	110
171	117
171	121
171	128
171	129
171	165
171	179
171	182
171	183
171	193
171	199
171	229
171	258
171	278
171	281
171	283
172	8
172	10
172	36
172	42
172	49
172	52
172	61
172	66
172	71
172	88
172	89
172	91
172	104
172	107
172	120
172	139
172	180
172	199
172	210
172	244
172	252
172	281
172	282
173	11
173	24
173	31
173	39
173	43
173	51
173	53
173	67
173	71
173	74
173	103
173	106
173	112
173	119
173	127
173	141
173	143
173	144
173	160
173	168
173	179
173	187
173	188
173	202
173	216
173	217
173	229
173	241
173	250
173	265
173	268
173	281
173	292
174	4
174	8
174	25
174	26
174	35
174	40
174	52
174	88
174	105
174	106
174	108
174	121
174	123
174	141
174	149
174	154
174	157
174	163
174	165
174	170
174	179
174	193
174	251
174	264
174	297
175	7
175	16
175	40
175	42
175	46
175	49
175	81
175	85
175	92
175	101
175	108
175	123
175	124
175	138
175	149
175	177
175	180
175	189
175	196
175	230
175	244
175	272
175	290
176	7
176	39
176	49
176	61
176	88
176	92
176	110
176	121
176	123
176	130
176	147
176	154
176	162
176	168
176	178
176	183
176	244
176	255
176	260
176	265
177	3
177	13
177	25
177	42
177	43
177	78
177	84
177	95
177	106
177	108
177	121
177	128
177	132
177	157
177	175
177	178
177	179
177	191
177	200
177	206
177	269
177	297
178	7
178	9
178	17
178	26
178	30
178	36
178	40
178	44
178	50
178	52
178	54
178	55
178	58
178	59
178	63
178	69
178	89
178	95
178	103
178	104
178	106
178	113
178	115
178	130
178	131
178	138
178	141
178	162
178	167
178	169
178	176
178	177
178	182
178	184
178	188
178	198
178	206
178	211
178	219
178	225
178	240
178	251
178	282
178	297
178	298
179	4
179	7
179	9
179	13
179	17
179	34
179	35
179	40
179	44
179	46
179	48
179	50
179	52
179	56
179	58
179	69
179	73
179	84
179	92
179	98
179	100
179	111
179	117
179	138
179	144
179	147
179	149
179	169
179	171
179	173
179	174
179	177
179	180
179	182
179	183
179	184
179	199
179	212
179	232
179	239
179	240
179	241
179	251
179	260
179	266
179	267
179	277
179	278
179	281
179	285
179	288
179	294
180	10
180	19
180	34
180	35
180	37
180	38
180	40
180	42
180	44
180	46
180	66
180	69
180	92
180	101
180	108
180	121
180	125
180	154
180	159
180	172
180	175
180	179
180	183
180	192
180	193
180	196
180	199
180	211
180	219
180	243
180	251
180	262
180	267
180	269
180	274
180	278
180	281
180	282
181	8
181	12
181	22
181	26
181	33
181	59
181	70
181	83
181	113
181	125
181	128
181	142
181	200
181	223
181	257
181	260
181	291
181	296
182	7
182	34
182	39
182	43
182	56
182	62
182	63
182	69
182	71
182	73
182	95
182	97
182	100
182	126
182	129
182	138
182	153
182	164
182	165
182	170
182	171
182	178
182	179
182	184
182	187
182	200
182	212
182	239
182	254
182	278
182	294
182	296
183	4
183	9
183	13
183	23
183	30
183	37
183	40
183	41
183	42
183	47
183	60
183	65
183	66
183	71
183	78
183	95
183	98
183	101
183	104
183	114
183	115
183	116
183	117
183	123
183	127
183	129
183	132
183	134
183	138
183	149
183	158
183	160
183	162
183	165
183	169
183	171
183	176
183	179
183	180
183	189
183	193
183	197
183	199
183	202
183	204
183	212
183	223
183	240
183	242
183	245
183	261
183	297
183	300
184	17
184	39
184	40
184	44
184	65
184	68
184	69
184	72
184	80
184	84
184	88
184	95
184	99
184	138
184	149
184	178
184	179
184	182
184	193
184	206
184	212
184	226
184	238
184	242
184	281
184	287
185	2
185	31
185	43
185	45
185	81
185	85
185	94
185	103
185	121
185	127
185	139
185	143
185	160
185	168
185	187
185	202
185	214
185	241
185	256
186	6
186	26
186	31
186	57
186	82
186	89
186	102
186	105
186	109
186	135
186	151
186	194
186	199
186	201
186	218
186	236
186	238
186	243
186	252
186	258
186	263
186	270
186	271
186	274
186	277
186	287
186	296
187	2
187	20
187	23
187	29
187	51
187	68
187	81
187	85
187	93
187	107
187	120
187	122
187	126
187	151
187	168
187	173
187	182
187	185
187	201
187	202
187	217
187	220
187	229
187	233
187	234
187	241
187	246
187	261
187	262
187	268
187	270
187	284
187	290
187	291
188	6
188	11
188	20
188	21
188	29
188	43
188	47
188	53
188	64
188	67
188	68
188	81
188	85
188	103
188	104
188	119
188	141
188	143
188	144
188	151
188	153
188	168
188	173
188	178
188	192
188	195
188	201
188	202
188	208
188	216
188	220
188	234
188	241
188	245
188	247
188	252
188	261
188	268
188	269
188	284
188	292
189	3
189	4
189	33
189	35
189	36
189	47
189	49
189	69
189	107
189	109
189	120
189	121
189	129
189	131
189	137
189	146
189	175
189	183
189	193
189	200
189	211
189	212
189	239
189	264
189	272
189	284
190	12
190	19
190	64
190	79
190	86
190	112
190	129
190	133
190	146
190	162
190	223
190	228
190	231
190	249
190	276
190	293
190	295
191	1
191	6
191	18
191	25
191	36
191	41
191	46
191	72
191	75
191	82
191	89
191	96
191	97
191	124
191	152
191	177
191	209
191	210
191	215
191	223
191	236
191	238
191	252
191	258
191	259
191	261
191	263
191	270
191	277
192	11
192	20
192	23
192	51
192	66
192	68
192	81
192	91
192	93
192	97
192	98
192	103
192	119
192	121
192	126
192	144
192	160
192	161
192	180
192	188
192	201
192	214
192	216
192	261
192	265
192	269
192	284
192	292
193	4
193	9
193	11
193	13
193	32
193	42
193	46
193	49
193	50
193	51
193	52
193	55
193	56
193	58
193	69
193	73
193	86
193	88
193	95
193	106
193	107
193	108
193	110
193	112
193	114
193	115
193	120
193	129
193	134
193	138
193	139
193	147
193	149
193	154
193	171
193	174
193	180
193	183
193	184
193	189
193	196
193	200
193	210
193	211
193	242
193	246
193	251
193	253
193	263
193	264
193	281
193	284
193	288
193	290
193	294
193	296
194	6
194	7
194	15
194	25
194	41
194	49
194	57
194	72
194	82
194	89
194	91
194	96
194	102
194	105
194	124
194	135
194	152
194	155
194	159
194	162
194	164
194	186
194	200
194	207
194	209
194	210
194	212
194	215
194	218
194	223
194	236
194	243
194	252
194	254
194	259
194	263
194	271
194	275
194	277
194	280
195	2
195	12
195	81
195	85
195	103
195	143
195	144
195	151
195	188
195	197
195	202
195	205
195	216
195	230
195	234
195	241
195	267
195	268
195	284
195	292
195	296
196	9
196	10
196	23
196	46
196	50
196	52
196	55
196	73
196	80
196	84
196	97
196	101
196	120
196	124
196	129
196	149
196	157
196	175
196	180
196	193
196	200
196	204
196	228
196	251
196	279
196	294
196	297
197	20
197	29
197	53
197	68
197	85
197	93
197	119
197	127
197	141
197	144
197	151
197	160
197	161
197	162
197	183
197	195
197	201
197	202
197	214
197	240
197	254
197	261
197	265
197	268
197	271
197	284
197	291
197	292
198	20
198	29
198	75
198	76
198	85
198	93
198	103
198	127
198	141
198	151
198	160
198	168
198	178
198	201
198	204
198	241
198	250
198	263
198	291
199	3
199	4
199	5
199	7
199	8
199	17
199	27
199	42
199	44
199	46
199	47
199	49
199	59
199	65
199	66
199	69
199	71
199	73
199	81
199	88
199	95
199	107
199	108
199	131
199	134
199	139
199	147
199	154
199	157
199	162
199	163
199	164
199	165
199	171
199	172
199	179
199	180
199	183
199	186
199	200
199	212
199	216
199	225
199	231
199	239
199	242
199	248
199	249
199	251
199	279
199	281
199	294
200	7
200	13
200	22
200	34
200	36
200	40
200	50
200	52
200	69
200	71
200	85
200	97
200	106
200	115
200	120
200	121
200	127
200	132
200	137
200	147
200	149
200	153
200	168
200	169
200	170
200	177
200	181
200	182
200	189
200	193
200	194
200	196
200	199
200	203
200	211
200	219
200	276
200	278
200	281
200	297
201	2
201	13
201	20
201	24
201	29
201	32
201	43
201	49
201	51
201	56
201	68
201	75
201	85
201	90
201	97
201	103
201	112
201	119
201	122
201	127
201	141
201	144
201	146
201	150
201	151
201	186
201	187
201	188
201	192
201	197
201	198
201	204
201	216
201	229
201	265
201	268
201	284
202	5
202	17
202	27
202	29
202	31
202	36
202	51
202	72
202	81
202	85
202	103
202	112
202	119
202	127
202	144
202	160
202	168
202	173
202	183
202	185
202	187
202	188
202	195
202	197
202	216
202	219
202	220
202	233
202	241
202	242
202	284
202	291
203	8
203	12
203	48
203	64
203	70
203	73
203	83
203	113
203	142
203	146
203	148
203	163
203	200
203	213
203	219
203	221
203	231
203	256
203	276
204	29
204	31
204	51
204	68
204	81
204	112
204	118
204	141
204	144
204	161
204	183
204	196
204	198
204	201
204	216
204	241
204	243
204	250
204	265
204	268
205	29
205	40
205	43
205	51
205	53
205	85
205	87
205	93
205	103
205	143
205	144
205	151
205	157
205	160
205	195
205	216
205	224
205	261
206	3
206	17
206	34
206	92
206	114
206	121
206	127
206	132
206	134
206	136
206	177
206	178
206	184
206	212
206	213
206	230
206	244
206	251
206	252
207	6
207	25
207	26
207	40
207	91
207	100
207	145
207	194
207	210
207	236
207	243
207	252
207	259
207	263
207	270
207	277
207	295
208	2
208	20
208	31
208	43
208	70
208	85
208	87
208	88
208	90
208	93
208	137
208	141
208	160
208	162
208	168
208	188
208	265
208	268
208	269
208	292
209	18
209	22
209	32
209	37
209	57
209	72
209	75
209	82
209	89
209	91
209	92
209	94
209	96
209	98
209	100
209	161
209	191
209	194
209	210
209	215
209	231
209	236
209	238
209	243
209	252
209	258
209	259
209	263
209	271
209	273
209	287
210	1
210	5
210	6
210	13
210	15
210	18
210	25
210	41
210	57
210	75
210	82
210	89
210	96
210	100
210	105
210	121
210	124
210	127
210	135
210	145
210	155
210	159
210	172
210	191
210	193
210	194
210	207
210	209
210	215
210	218
210	234
210	236
210	243
210	252
210	259
210	263
210	265
210	270
210	271
210	274
210	280
210	286
210	287
210	293
211	44
211	46
211	53
211	73
211	107
211	129
211	178
211	180
211	189
211	193
211	200
211	212
211	217
211	223
211	241
211	245
211	246
211	281
211	288
212	6
212	9
212	35
212	38
212	49
212	50
212	60
212	63
212	71
212	76
212	82
212	89
212	98
212	103
212	106
212	107
212	108
212	114
212	117
212	123
212	126
212	132
212	137
212	138
212	142
212	147
212	153
212	169
212	170
212	179
212	182
212	183
212	184
212	189
212	194
212	199
212	206
212	211
212	230
212	233
212	239
212	251
212	254
212	278
212	290
213	8
213	19
213	22
213	33
213	54
213	59
213	62
213	65
213	69
213	70
213	74
213	77
213	80
213	83
213	86
213	90
213	110
213	113
213	116
213	118
213	125
213	128
213	136
213	138
213	148
213	156
213	167
213	203
213	206
213	223
213	224
213	225
213	226
213	231
213	232
213	235
213	237
213	247
213	249
213	255
213	256
213	263
213	264
213	276
213	279
213	283
213	295
213	296
213	299
213	300
214	4
214	27
214	29
214	43
214	45
214	81
214	82
214	84
214	112
214	127
214	143
214	144
214	150
214	160
214	161
214	168
214	185
214	192
214	197
214	216
214	250
214	263
214	269
214	290
214	292
215	5
215	15
215	18
215	57
215	68
215	71
215	72
215	89
215	94
215	96
215	100
215	102
215	105
215	137
215	145
215	155
215	156
215	159
215	191
215	194
215	209
215	210
215	224
215	238
215	243
215	252
215	259
215	270
215	273
215	274
215	287
215	297
216	2
216	24
216	27
216	29
216	31
216	67
216	68
216	73
216	81
216	85
216	103
216	119
216	122
216	127
216	131
216	138
216	141
216	144
216	151
216	160
216	173
216	188
216	192
216	195
216	199
216	201
216	202
216	204
216	205
216	214
216	229
216	233
216	241
216	250
216	257
216	265
216	278
216	281
216	284
216	289
216	299
217	11
217	24
217	43
217	85
217	90
217	96
217	104
217	112
217	114
217	127
217	129
217	141
217	144
217	160
217	168
217	173
217	187
217	211
217	233
217	265
217	284
218	6
218	25
218	32
218	82
218	89
218	129
218	130
218	154
218	159
218	186
218	194
218	210
218	243
218	252
218	263
218	270
218	271
218	291
219	3
219	4
219	13
219	16
219	34
219	39
219	40
219	42
219	49
219	67
219	78
219	95
219	104
219	105
219	114
219	115
219	129
219	131
219	134
219	143
219	178
219	180
219	200
219	202
219	203
219	249
219	251
220	2
220	29
220	35
220	53
220	73
220	85
220	93
220	103
220	108
220	135
220	143
220	144
220	160
220	187
220	188
220	202
220	261
220	265
220	278
220	284
220	291
220	292
221	42
221	44
221	59
221	64
221	67
221	119
221	125
221	128
221	136
221	142
221	148
221	203
221	249
221	253
221	272
221	295
221	300
222	12
222	14
222	33
222	54
222	64
222	69
222	70
222	83
222	95
222	113
222	128
222	131
222	136
222	232
222	253
222	293
222	296
223	14
223	19
223	23
223	28
223	33
223	48
223	59
223	70
223	74
223	79
223	86
223	98
223	113
223	116
223	118
223	125
223	138
223	144
223	148
223	166
223	181
223	183
223	190
223	191
223	194
223	211
223	213
223	226
223	227
223	228
223	232
223	237
223	248
223	249
223	253
223	264
223	266
223	272
223	295
223	296
223	300
224	8
224	12
224	15
224	22
224	38
224	48
224	52
224	59
224	61
224	64
224	70
224	74
224	86
224	116
224	125
224	128
224	133
224	140
224	146
224	148
224	149
224	166
224	167
224	205
224	213
224	215
224	227
224	228
224	231
224	238
224	249
224	255
224	257
224	266
224	272
224	279
224	295
224	296
225	10
225	17
225	28
225	30
225	40
225	45
225	61
225	73
225	88
225	95
225	99
225	106
225	108
225	162
225	165
225	178
225	199
225	213
225	240
225	284
225	297
226	28
226	62
226	70
226	116
226	120
226	128
226	140
226	146
226	184
226	213
226	223
226	236
226	237
226	253
226	260
226	273
226	276
227	48
227	58
227	59
227	113
227	114
227	117
227	128
227	136
227	148
227	223
227	224
227	228
227	235
227	249
227	259
227	260
227	266
227	272
227	276
227	279
227	293
227	295
227	296
228	8
228	19
228	22
228	28
228	48
228	54
228	58
228	62
228	70
228	71
228	81
228	113
228	116
228	118
228	119
228	125
228	134
228	142
228	146
228	147
228	148
228	156
228	167
228	190
228	196
228	223
228	224
228	227
228	231
228	232
228	247
228	248
228	249
228	256
228	264
228	265
228	266
228	272
228	276
228	279
228	281
228	283
228	295
228	296
229	2
229	20
229	29
229	57
229	67
229	81
229	107
229	112
229	141
229	144
229	151
229	171
229	173
229	187
229	201
229	216
229	269
230	3
230	7
230	9
230	26
230	30
230	37
230	39
230	66
230	73
230	95
230	120
230	131
230	146
230	158
230	162
230	164
230	175
230	195
230	206
230	212
230	236
230	282
230	290
230	300
231	8
231	12
231	19
231	20
231	28
231	33
231	54
231	59
231	62
231	77
231	86
231	144
231	162
231	164
231	167
231	190
231	199
231	203
231	209
231	213
231	224
231	228
231	237
231	249
231	264
231	272
231	279
231	296
231	300
232	12
232	19
232	28
232	48
232	51
232	54
232	62
232	64
232	70
232	76
232	77
232	83
232	98
232	113
232	140
232	146
232	148
232	152
232	156
232	179
232	213
232	222
232	223
232	228
232	237
232	249
232	250
232	253
232	259
232	260
232	275
232	293
232	296
232	300
233	20
233	27
233	43
233	53
233	68
233	81
233	87
233	93
233	103
233	143
233	151
233	157
233	187
233	202
233	212
233	216
233	217
233	265
233	268
233	276
233	278
233	288
233	289
233	291
234	2
234	11
234	21
234	87
234	93
234	112
234	122
234	127
234	141
234	142
234	187
234	188
234	195
234	210
234	250
234	262
234	283
234	297
235	19
235	22
235	59
235	73
235	77
235	86
235	108
235	118
235	124
235	133
235	136
235	140
235	142
235	146
235	156
235	213
235	227
235	249
235	279
235	282
235	286
235	296
236	14
236	18
236	32
236	57
236	60
236	82
236	89
236	96
236	100
236	102
236	109
236	152
236	155
236	158
236	159
236	162
236	186
236	191
236	194
236	207
236	209
236	210
236	226
236	230
236	238
236	243
236	252
236	258
236	263
236	271
236	273
236	277
236	287
237	8
237	30
237	59
237	62
237	76
237	116
237	125
237	146
237	151
237	160
237	213
237	223
237	226
237	231
237	232
237	247
237	260
237	264
237	279
237	281
237	296
237	300
238	1
238	6
238	15
238	18
238	32
238	35
238	61
238	82
238	85
238	89
238	100
238	152
238	155
238	184
238	186
238	191
238	209
238	215
238	224
238	236
238	252
238	259
238	263
238	271
238	280
238	296
239	16
239	49
239	58
239	61
239	77
239	88
239	108
239	149
239	155
239	179
239	182
239	189
239	199
239	212
239	242
239	243
239	288
240	3
240	4
240	29
240	55
240	59
240	69
240	71
240	73
240	78
240	81
240	95
240	123
240	137
240	139
240	170
240	178
240	179
240	183
240	197
240	225
240	245
240	251
240	282
240	288
240	289
241	8
241	20
241	23
241	29
241	31
241	40
241	43
241	45
241	53
241	59
241	68
241	69
241	81
241	85
241	87
241	95
241	103
241	106
241	119
241	127
241	141
241	143
241	144
241	151
241	168
241	173
241	179
241	185
241	187
241	188
241	195
241	198
241	202
241	204
241	211
241	216
241	250
241	268
241	269
241	276
241	284
241	289
241	291
242	34
242	39
242	55
242	61
242	63
242	65
242	68
242	84
242	89
242	99
242	100
242	106
242	115
242	137
242	170
242	183
242	184
242	193
242	199
242	202
242	239
242	246
242	278
242	279
242	282
242	298
243	5
243	6
243	18
243	41
243	57
243	59
243	72
243	75
243	89
243	91
243	94
243	100
243	105
243	119
243	122
243	126
243	145
243	152
243	159
243	165
243	180
243	186
243	194
243	204
243	207
243	209
243	210
243	215
243	218
243	236
243	239
243	252
243	258
243	259
243	263
243	270
243	271
243	273
243	277
243	280
243	286
243	287
244	3
244	4
244	46
244	48
244	52
244	61
244	72
244	98
244	108
244	131
244	157
244	162
244	172
244	175
244	176
244	206
244	279
245	17
245	35
245	38
245	44
245	73
245	84
245	92
245	100
245	104
245	108
245	123
245	162
245	163
245	165
245	183
245	188
245	211
245	240
245	253
245	278
245	279
246	13
246	17
246	40
246	61
246	78
246	89
246	98
246	110
246	117
246	137
246	164
246	187
246	193
246	211
246	242
246	251
246	300
247	8
247	59
247	79
247	86
247	106
247	108
247	113
247	142
247	146
247	148
247	167
247	168
247	188
247	213
247	228
247	237
247	249
247	255
247	261
247	266
247	272
247	276
247	279
247	283
247	294
247	295
247	296
247	299
248	22
248	48
248	62
248	86
248	118
248	128
248	136
248	148
248	161
248	166
248	199
248	223
248	228
248	256
248	257
248	276
248	278
249	8
249	9
249	14
249	22
249	28
249	33
249	48
249	49
249	59
249	62
249	64
249	70
249	74
249	77
249	79
249	87
249	88
249	103
249	113
249	115
249	118
249	125
249	128
249	134
249	136
249	140
249	142
249	144
249	146
249	148
249	156
249	167
249	190
249	199
249	213
249	219
249	221
249	223
249	224
249	227
249	228
249	231
249	232
249	235
249	247
249	253
249	255
249	257
249	264
249	272
249	276
249	279
249	284
249	293
249	295
249	296
249	299
249	300
250	21
250	27
250	29
250	43
250	49
250	51
250	55
250	68
250	85
250	90
250	103
250	112
250	122
250	134
250	141
250	144
250	147
250	159
250	160
250	173
250	198
250	204
250	214
250	216
250	232
250	234
250	241
250	262
250	268
251	2
251	13
251	16
251	17
251	20
251	30
251	35
251	36
251	37
251	40
251	42
251	56
251	61
251	69
251	73
251	79
251	80
251	81
251	99
251	104
251	107
251	124
251	129
251	131
251	132
251	148
251	154
251	157
251	169
251	174
251	178
251	179
251	180
251	193
251	196
251	199
251	206
251	212
251	219
251	240
251	246
251	253
251	259
251	260
251	278
251	284
251	290
252	1
252	6
252	15
252	18
252	25
252	32
252	51
252	57
252	78
252	82
252	89
252	91
252	94
252	96
252	100
252	105
252	113
252	121
252	129
252	152
252	159
252	172
252	186
252	188
252	191
252	194
252	206
252	207
252	209
252	210
252	215
252	218
252	236
252	238
252	243
252	258
252	259
252	263
252	270
252	271
252	273
252	274
252	276
252	280
252	286
252	287
253	28
253	59
253	62
253	66
253	76
253	86
253	95
253	118
253	125
253	128
253	140
253	142
253	167
253	193
253	221
253	222
253	223
253	226
253	232
253	245
253	249
253	251
253	256
253	257
253	266
253	279
253	288
253	293
253	295
253	296
254	10
254	26
254	29
254	30
254	37
254	49
254	56
254	74
254	88
254	93
254	107
254	110
254	134
254	147
254	153
254	154
254	169
254	182
254	194
254	197
254	212
254	281
255	22
255	28
255	52
255	62
255	64
255	70
255	83
255	128
255	146
255	160
255	176
255	213
255	224
255	247
255	249
255	263
255	276
255	283
256	8
256	48
256	54
256	86
256	116
256	117
256	140
256	145
256	148
256	150
256	185
256	203
256	213
256	228
256	248
256	253
256	260
256	271
256	272
256	276
256	279
256	293
256	295
256	296
256	300
257	8
257	44
257	48
257	59
257	64
257	77
257	144
257	181
257	216
257	224
257	248
257	249
257	253
257	266
257	293
257	295
257	300
258	1
258	18
258	31
258	32
258	100
258	111
258	145
258	159
258	171
258	186
258	191
258	209
258	236
258	243
258	252
258	259
258	271
258	277
258	282
258	292
259	1
259	5
259	6
259	15
259	18
259	25
259	31
259	40
259	41
259	55
259	72
259	73
259	75
259	82
259	89
259	91
259	94
259	96
259	100
259	102
259	109
259	111
259	119
259	124
259	129
259	135
259	145
259	152
259	155
259	159
259	191
259	194
259	207
259	209
259	210
259	215
259	227
259	232
259	238
259	243
259	251
259	252
259	258
259	263
259	270
259	271
259	273
259	274
259	275
259	277
259	280
259	287
259	295
260	3
260	4
260	19
260	59
260	62
260	70
260	76
260	113
260	116
260	148
260	156
260	176
260	179
260	181
260	226
260	227
260	232
260	237
260	251
260	256
260	283
260	293
260	296
260	300
261	2
261	23
261	24
261	29
261	31
261	40
261	45
261	50
261	53
261	67
261	68
261	78
261	85
261	87
261	90
261	93
261	95
261	122
261	127
261	141
261	151
261	160
261	183
261	187
261	188
261	191
261	192
261	197
261	205
261	220
261	247
261	268
261	284
262	31
262	61
262	67
262	81
262	92
262	103
262	132
262	141
262	144
262	150
262	160
262	168
262	180
262	187
262	234
262	250
262	269
263	5
263	6
263	15
263	25
263	40
263	41
263	57
263	69
263	72
263	75
263	82
263	89
263	91
263	96
263	102
263	105
263	109
263	111
263	124
263	127
263	133
263	135
263	159
263	186
263	191
263	193
263	194
263	198
263	207
263	209
263	210
263	213
263	214
263	218
263	236
263	238
263	243
263	252
263	255
263	259
263	271
263	273
263	274
263	275
263	277
263	280
263	286
264	48
264	54
264	59
264	70
264	73
264	86
264	109
264	128
264	133
264	146
264	156
264	174
264	189
264	193
264	213
264	223
264	228
264	231
264	237
264	249
264	276
264	279
264	293
265	2
265	8
265	11
265	21
265	27
265	29
265	38
265	43
265	45
265	51
265	53
265	65
265	67
265	81
265	85
265	87
265	93
265	112
265	127
265	131
265	141
265	143
265	144
265	151
265	160
265	161
265	173
265	176
265	192
265	197
265	201
265	204
265	208
265	210
265	216
265	217
265	220
265	228
265	233
265	268
265	273
265	284
265	291
265	299
266	12
266	22
266	42
266	44
266	59
266	70
266	128
266	129
266	133
266	146
266	148
266	179
266	223
266	224
266	227
266	228
266	247
266	253
266	257
266	279
266	296
267	4
267	17
267	23
267	38
267	42
267	60
267	98
267	117
267	131
267	134
267	135
267	138
267	158
267	162
267	179
267	180
267	195
267	287
267	288
268	2
268	14
268	21
268	23
268	27
268	29
268	32
268	40
268	67
268	69
268	73
268	81
268	85
268	119
268	122
268	123
268	126
268	127
268	141
268	143
268	146
268	160
268	168
268	173
268	187
268	188
268	195
268	197
268	201
268	204
268	208
268	233
268	241
268	250
268	261
268	265
268	284
268	289
269	4
269	23
269	29
269	43
269	51
269	53
269	85
269	93
269	112
269	138
269	151
269	160
269	177
269	180
269	188
269	192
269	208
269	214
269	229
269	241
269	262
269	289
270	1
270	6
270	25
270	29
270	32
270	40
270	53
270	85
270	89
270	94
270	100
270	115
270	186
270	187
270	191
270	207
270	210
270	215
270	218
270	243
270	252
270	259
270	271
270	273
270	275
270	277
270	280
270	286
270	287
271	1
271	5
271	6
271	25
271	39
271	57
271	72
271	82
271	84
271	89
271	91
271	100
271	105
271	112
271	124
271	145
271	152
271	165
271	186
271	194
271	197
271	209
271	210
271	218
271	236
271	238
271	243
271	252
271	256
271	258
271	259
271	263
271	270
271	275
271	287
271	293
271	294
272	10
272	14
272	43
272	48
272	54
272	59
272	70
272	74
272	77
272	86
272	95
272	110
272	118
272	125
272	128
272	136
272	140
272	142
272	148
272	167
272	175
272	189
272	221
272	223
272	224
272	227
272	228
272	231
272	247
272	249
272	256
272	276
272	296
272	298
273	10
273	18
273	25
273	41
273	89
273	91
273	94
273	102
273	121
273	135
273	145
273	155
273	209
273	215
273	226
273	236
273	243
273	252
273	259
273	263
273	265
273	270
273	274
273	287
274	18
274	25
274	57
274	89
274	91
274	98
274	100
274	124
274	180
274	186
274	210
274	215
274	252
274	259
274	263
274	273
274	279
274	280
275	1
275	6
275	18
275	25
275	39
275	94
275	100
275	111
275	145
275	169
275	194
275	232
275	259
275	263
275	270
275	271
275	280
276	7
276	8
276	19
276	54
276	64
276	70
276	76
276	79
276	83
276	86
276	119
276	136
276	137
276	142
276	146
276	148
276	150
276	166
276	190
276	200
276	203
276	213
276	226
276	227
276	228
276	233
276	241
276	247
276	248
276	249
276	252
276	255
276	256
276	264
276	272
276	279
276	293
276	295
276	296
276	299
276	300
277	2
277	3
277	18
277	32
277	57
277	72
277	91
277	100
277	105
277	109
277	135
277	159
277	163
277	179
277	186
277	191
277	194
277	207
277	236
277	243
277	258
277	259
277	263
277	270
277	280
277	281
278	3
278	4
278	7
278	10
278	13
278	17
278	34
278	40
278	46
278	49
278	53
278	55
278	65
278	71
278	86
278	95
278	104
278	106
278	110
278	121
278	127
278	149
278	154
278	170
278	171
278	179
278	180
278	182
278	200
278	212
278	216
278	220
278	233
278	242
278	245
278	248
278	251
278	281
279	8
279	14
279	22
279	28
279	33
279	40
279	48
279	54
279	59
279	61
279	62
279	64
279	65
279	70
279	79
279	83
279	86
279	87
279	113
279	116
279	118
279	133
279	138
279	142
279	146
279	148
279	156
279	166
279	167
279	196
279	199
279	213
279	224
279	227
279	228
279	231
279	235
279	237
279	242
279	244
279	245
279	247
279	249
279	253
279	256
279	264
279	266
279	274
279	276
279	283
279	293
279	295
279	296
280	6
280	15
280	25
280	40
280	45
280	57
280	72
280	82
280	89
280	91
280	108
280	124
280	152
280	154
280	194
280	210
280	238
280	243
280	252
280	259
280	263
280	270
280	274
280	275
280	277
280	284
281	3
281	6
281	10
281	13
281	16
281	34
281	35
281	40
281	44
281	60
281	61
281	69
281	78
281	80
281	82
281	85
281	86
281	88
281	92
281	95
281	97
281	98
281	110
281	111
281	117
281	120
281	121
281	130
281	134
281	137
281	139
281	148
281	149
281	153
281	157
281	158
281	162
281	163
281	165
281	169
281	171
281	172
281	173
281	179
281	180
281	184
281	193
281	199
281	200
281	211
281	216
281	228
281	237
281	254
281	277
281	278
282	5
282	7
282	40
282	47
282	50
282	59
282	88
282	89
282	95
282	99
282	106
282	110
282	115
282	123
282	172
282	178
282	180
282	230
282	235
282	240
282	242
282	258
282	297
282	298
283	19
283	22
283	42
283	48
283	74
283	86
283	113
283	117
283	142
283	146
283	148
283	151
283	171
283	213
283	228
283	234
283	247
283	255
283	260
283	279
283	299
284	2
284	11
284	20
284	23
284	27
284	31
284	43
284	46
284	52
284	68
284	81
284	85
284	93
284	103
284	112
284	119
284	143
284	144
284	151
284	161
284	187
284	188
284	189
284	192
284	193
284	195
284	197
284	201
284	202
284	216
284	217
284	220
284	225
284	241
284	249
284	251
284	261
284	265
284	268
284	280
284	292
285	3
285	17
285	26
285	36
285	39
285	52
285	58
285	85
285	91
285	95
285	99
285	128
285	131
285	153
285	162
285	165
285	179
285	290
286	3
286	6
286	15
286	18
286	25
286	63
286	75
286	82
286	89
286	100
286	109
286	124
286	159
286	210
286	235
286	243
286	252
286	263
286	270
287	1
287	5
287	6
287	15
287	20
287	25
287	32
287	75
287	88
287	89
287	91
287	102
287	105
287	109
287	124
287	129
287	135
287	142
287	145
287	151
287	155
287	159
287	184
287	186
287	209
287	210
287	215
287	236
287	243
287	252
287	259
287	267
287	270
287	271
287	273
288	9
288	40
288	42
288	49
288	79
288	97
288	98
288	108
288	117
288	132
288	141
288	165
288	179
288	193
288	211
288	233
288	239
288	240
288	253
288	267
289	16
289	17
289	31
289	81
289	103
289	112
289	141
289	144
289	151
289	160
289	161
289	216
289	233
289	240
289	241
289	268
289	269
290	12
290	17
290	66
290	83
290	88
290	101
290	106
290	108
290	154
290	175
290	187
290	193
290	212
290	214
290	230
290	251
290	285
291	2
291	29
291	31
291	43
291	51
291	53
291	58
291	64
291	81
291	85
291	90
291	141
291	150
291	168
291	181
291	187
291	197
291	198
291	202
291	218
291	220
291	233
291	241
291	265
292	2
292	6
292	27
292	29
292	31
292	51
292	53
292	67
292	81
292	93
292	103
292	122
292	128
292	148
292	151
292	160
292	168
292	173
292	188
292	192
292	195
292	197
292	208
292	214
292	220
292	258
292	284
292	294
293	8
293	12
293	48
293	59
293	69
293	79
293	116
293	128
293	143
293	148
293	149
293	153
293	156
293	166
293	167
293	190
293	210
293	222
293	227
293	232
293	249
293	253
293	256
293	257
293	260
293	264
293	271
293	276
293	279
293	296
294	4
294	9
294	17
294	42
294	57
294	58
294	66
294	69
294	73
294	88
294	108
294	179
294	182
294	193
294	196
294	199
294	247
294	271
294	292
295	19
295	22
295	29
295	59
295	62
295	64
295	95
295	99
295	113
295	116
295	118
295	136
295	144
295	146
295	147
295	190
295	207
295	213
295	221
295	223
295	224
295	227
295	228
295	247
295	249
295	253
295	256
295	257
295	259
295	276
295	279
295	296
295	300
296	8
296	21
296	22
296	33
296	43
296	48
296	54
296	59
296	64
296	69
296	70
296	76
296	77
296	79
296	83
296	118
296	121
296	122
296	125
296	128
296	141
296	142
296	166
296	181
296	182
296	186
296	193
296	195
296	213
296	222
296	223
296	224
296	227
296	228
296	231
296	232
296	235
296	237
296	238
296	247
296	249
296	253
296	256
296	260
296	266
296	272
296	276
296	279
296	293
296	295
296	300
297	9
297	13
297	35
297	38
297	42
297	52
297	93
297	99
297	110
297	114
297	158
297	166
297	174
297	177
297	178
297	183
297	196
297	200
297	215
297	225
297	234
297	282
298	1
298	13
298	17
298	23
298	50
298	61
298	69
298	78
298	82
298	107
298	108
298	110
298	137
298	157
298	165
298	178
298	242
298	272
298	282
299	4
299	12
299	19
299	59
299	70
299	71
299	76
299	77
299	79
299	113
299	128
299	148
299	213
299	216
299	247
299	249
299	265
299	276
299	283
299	300
300	14
300	19
300	33
300	49
300	59
300	62
300	79
300	83
300	86
300	92
300	101
300	108
300	113
300	128
300	136
300	140
300	146
300	148
300	166
300	183
300	213
300	221
300	223
300	230
300	231
300	232
300	237
300	246
300	249
300	256
300	257
300	260
300	276
300	295
300	296
300	299
